50
0 2 15
2 4 13
4 5 17
5 6 5
6 10 10
10 11 18
11 12 18
12 13 5
13 18 19
18 20 5
20 22 16
22 23 10
23 24 5
24 25 2
25 28 10
28 29 1
29 33 4
33 34 19
34 36 8
36 39 2
39 45 7
45 47 12
47 49 19
0 2 15
2 4 13
4 5 17
5 6 5
6 10 10
10 11 18
11 12 18
12 13 5
13 18 19
18 20 5
20 22 16
22 23 10
23 24 5
24 25 2
25 28 10
28 29 1
29 33 4
33 34 19
34 36 8
36 39 2
39 45 7
45 47 12
47 49 19
10 1 13
32 25 17
46 16 7
4 45 1
8 47 1
7 27 3
25 38 17
43 35 15
24 32 16
23 3 2
44 4 15
48 13 18
22 3 18
19 42 17
24 39 13
4 14 18
23 17 4
45 11 10
30 29 11
13 0 1
7 42 4
31 33 4
38 31 8
42 21 3
12 11 3
6 21 8
46 31 18
47 41 8
33 45 15
20 31 1
46 18 5
26 41 10
47 10 5
33 16 7
48 16 8
7 33 19
27 40 9
44 42 14
7 29 15
6 38 1
3 32 5
30 14 8
26 30 14
49 8 10
10 8 10
40 16 17
6 4 5
4 22 18
31 44 3
11 39 11
37 29 10
8 24 17
48 22 4
42 5 10
2 8 5
13 17 17
30 11 8
46 21 13
32 0 4
49 17 5
12 35 3
7 35 10
28 49 6
41 29 6
17 39 19
3 23 1
27 29 12
13 27 12
4 37 15
20 9 7
41 47 10
24 1 19
11 14 18
13 19 14
16 20 9
13 32 10
6 18 19
14 21 12
17 8 14
13 46 14
16 47 11
6 31 2
9 3 5
17 4 1
6 7 7
28 30 17
37 48 12
21 2 15
33 9 4
12 40 13
0 46 2
48 34 18
36 2 12
45 22 11
15 41 13
12 1 8
23 44 14
1 13 6
18 15 9
38 34 19
29 2 5
30 23 19
42 34 8
35 40 10
27 46 11
47 20 3
21 44 12
33 21 5
28 27 4
16 39 12
15 45 15
34 40 9
5 27 4
20 41 1
30 4 3
19 43 5
21 20 5
4 10 15
24 47 19
3 38 7
43 49 8
1 2 15
35 26 2
48 21 17
2 29 16
36 20 4
4 34 4
34 9 16
28 10 3
43 9 14
48 11 13
45 0 9
6 34 14
35 42 4
26 16 18
36 44 11
6 14 19
35 10 18
37 4 18
37 45 1
9 45 11
49 23 16
19 39 5
7 6 5
28 41 6
10 4 7
6 37 8
18 43 4
25 19 12
32 39 19
19 9 15
16 48 3
2 38 3
1 39 2
24 20 15
3 42 13
19 17 17
24 42 8
34 21 2
1 49 18
28 40 10
30 16 5
35 19 8
22 5 15
31 2 10
20 5 3
12 41 15
31 37 8
10 40 16
37 39 5
9 49 1
37 30 16
9 33 11
48 25 6
44 27 19
26 3 8
27 15 15
21 7 18
9 19 2
22 11 13
35 44 6
24 8 19
18 36 18
20 6 12
11 2 2
10 9 17
17 10 16
35 9 11
36 35 16
3 16 4
20 38 3
42 18 13
48 45 19
30 33 10
17 11 14
11 10 3
20 2 2
26 25 18
28 5 15
21 29 6
7 12 7
3 6 16
38 13 13
3 26 15
2 34 17
8 38 8
0 27 6
13 15 11
22 39 16
0 29 8
15 40 18
14 10 10
43 16 2
22 28 6
13 40 16
48 32 19
18 41 16
0 43 2
4 38 1
44 41 6
45 38 17
22 24 9
28 3 16
6 13 3
40 44 19
22 36 14
37 32 1
47 33 5
3 22 11
46 47 14
11 33 16
24 2 5
45 35 4
0 24 5
13 22 4
23 25 8
46 15 14
23 39 9
23 10 16
46 33 1
47 4 7
22 34 6
17 38 5
11 15 7
42 10 15
49 39 10
5 9 4
3 36 3
19 25 4
27 10 7
41 19 18
42 33 12
25 32 1
40 18 1
28 45 10
39 11 5
32 12 18
37 36 18
18 0 4
45 1 13
49 2 13
18 22 10
10 15 18
15 24 14
31 48 7
3 9 6
14 28 12
10 2 1
23 46 16
39 37 6
21 38 4
38 9 7
49 36 15
43 41 4
22 40 4
37 28 5
14 29 17
18 37 3
27 23 7
20 46 11
36 32 2
20 18 4
22 8 10
47 36 2
35 43 14
21 27 11
19 4 12
12 17 16
45 39 1
24 48 9
3 12 3
13 39 9
30 43 17
49 5 9
10 22 1
24 29 3
20 44 5
29 20 7
39 1 11
44 45 10
39 43 16
23 47 14
37 14 5
41 23 14
31 1 11
11 31 10
43 31 19
25 6 12
40 24 18
30 5 12
26 38 11
42 28 13
11 42 7
5 29 3
0 17 18
1 5 7
6 16 1
32 45 5
32 23 11
36 0 8
1 8 6
40 26 13
40 39 19
11 28 9
36 41 19
27 7 16
47 27 6
47 24 6
48 12 16
24 41 9
5 31 13
34 32 14
27 44 17
19 30 17
15 30 5
48 14 6
11 13 5
28 23 5
36 5 5
42 22 6
4 31 13
20 37 1
17 37 4
20 35 16
2 43 8
14 4 16
2 24 6
13 45 7
29 36 2
3 47 19
28 47 7
6 48 10
0 8 6
30 38 15
37 23 14
27 21 15
47 37 5
16 23 9
13 12 13
18 5 7
22 35 12
40 17 18
48 26 3
10 37 18
46 29 5
33 7 12
7 16 18
34 47 14
26 22 18
1 37 2
29 9 13
3 13 7
42 4 11
44 0 16
48 10 16
3 46 18
36 23 14
25 12 19
28 7 5
25 44 17
2 47 13
40 15 10
2 10 18
30 17 2
26 19 12
46 0 7
31 14 6
39 26 15
25 48 9
4 11 9
12 23 8
48 1 3
7 26 14
44 47 9
19 45 14
8 28 6
20 47 4
1 11 18
43 10 11
15 31 18
46 25 16
15 10 7
45 4 15
15 37 9
45 40 14
23 42 3
6 33 2
31 27 13
35 47 14
18 35 7
0 34 4
33 5 16
21 37 12
45 29 9
12 44 17
45 19 19
7 5 3
25 16 9
4 15 12
10 16 8
20 28 9
25 47 13
11 34 2
9 11 7
27 0 7
9 2 4
8 20 19
45 27 15
8 21 10
46 22 6
41 13 17
9 35 1
40 25 10
48 23 19
29 6 4
29 42 3
25 1 19
45 9 11
32 47 19
29 32 8
21 18 11
46 3 18
35 32 15
40 20 3
12 4 15
12 49 12
33 26 18
29 4 11
13 8 10
43 3 14
4 36 4
38 14 7
38 2 2
33 32 4
4 17 7
5 33 4
44 28 11
43 8 5
46 20 6
15 36 2
34 23 16
36 46 16
47 8 19
22 37 12
19 33 7
15 0 4
5 44 17
14 8 5
40 27 12
7 25 13
3 39 12
3 0 17
31 23 2
35 3 3
2 0 7
31 20 19
8 40 16
2 6 6
23 27 18
19 13 15
30 26 2
39 38 14
2 36 18
3 19 1
14 9 13
22 2 7
7 3 13
49 28 2
38 6 17
10 41 17
14 42 7
27 25 2
36 22 7
49 35 7
40 31 1
37 35 17
10 24 8
2 17 19
40 49 7
41 20 13
0 18 13
41 18 8
44 6 6
41 38 10
40 11 19
25 31 12
35 24 10
23 37 5
26 47 14
0 11 14
47 21 15
11 27 6
44 19 11
6 43 15
30 40 19
12 37 9
1 10 11
43 1 13
25 43 3
9 22 9
24 15 10
25 26 16
25 7 3
8 45 14
45 10 15
22 44 2
16 21 2
36 26 5
21 31 11
25 13 7
7 44 2
44 39 16
35 46 2
29 41 4
32 34 17
37 12 8
27 9 11
12 28 9
12 9 8
38 23 15
18 34 9
42 14 16
27 12 3
5 18 18
39 41 12
10 5 19
32 28 17
14 35 8
29 8 14
6 9 8
27 22 19
1 44 2
2 3 2
27 43 15
42 17 5
0 42 1
39 27 15
47 43 14
11 46 2
13 38 11
48 40 13
19 1 1
32 15 16
36 40 14
13 48 17
44 18 11
13 24 7
10 30 8
20 10 15
39 7 9
30 21 7
3 49 11
29 30 3
8 11 18
44 21 12
8 29 10
21 15 11
22 16 17
30 44 19
21 6 5
16 38 17
24 31 1
18 19 9
39 3 9
27 4 11
15 22 9
14 44 16
47 39 13
29 40 17
22 48 10
31 42 16
39 42 14
34 1 8
5 47 14
44 49 7
38 32 8
17 47 11
7 1 15
42 23 2
8 30 3
18 28 14
18 3 7
13 47 14
10 31 12
30 24 16
14 33 15
26 49 18
31 13 10
3 11 16
16 22 19
17 36 2
27 19 4
40 4 17
4 32 15
33 14 5
39 10 10
33 48 7
5 40 18
23 35 10
21 1 19
9 6 10
5 7 2
2 5 1
43 30 9
45 37 13
34 4 2
37 19 4
38 7 6
8 37 3
26 0 8
31 34 9
48 28 8
1 22 15
4 40 4
41 0 14
1 17 12
18 44 7
40 0 17
49 0 9
8 25 16
1 0 13
42 3 1
27 1 14
38 27 10
29 14 16
37 6 7
48 8 1
16 37 14
26 8 14
3 5 6
45 30 13
30 34 5
30 49 2
34 0 8
19 20 18
16 1 14
49 22 14
17 43 19
30 36 19
42 27 6
0 3 12
31 4 19
47 48 14
31 12 7
1 30 2
17 13 6
19 27 17
43 48 7
2 45 12
20 15 9
2 32 8
5 4 14
25 9 1
16 31 5
34 14 8
6 12 11
42 47 15
13 37 6
3 17 12
12 36 18
23 36 7
17 29 7
27 39 1
16 25 2
41 37 1
45 8 19
27 16 8
12 25 12
25 29 18
24 45 18
18 40 8
33 1 13
47 23 15
20 17 12
31 26 11
14 7 9
18 48 10
48 33 14
1 42 15
7 0 9
34 48 5
20 25 13
23 20 3
1 27 9
26 2 13
39 48 3
5 41 6
26 37 2
34 29 14
18 12 15
32 31 14
23 29 5
37 0 9
30 9 1
21 45 11
29 3 14
39 34 1
12 5 3
48 18 19
9 38 16
37 10 19
5 39 19
38 45 3
16 40 2
48 29 17
1 9 7
20 34 7
40 13 19
38 26 3
46 19 1
27 18 19
0 39 19
4 23 2
16 46 2
3 48 8
6 45 14
25 2 11
1 41 14
29 31 10
24 19 12
6 20 11
3 44 11
25 46 5
15 46 9
12 14 5
18 24 16
3 2 4
13 29 15
46 41 3
43 46 14
40 21 6
49 30 11
37 7 7
42 19 17
16 7 3
20 32 5
33 19 7
44 16 1
45 34 9
23 16 17
37 41 18
41 12 16
1 15 6
32 19 6
14 38 6
37 40 9
31 35 15
39 16 17
27 28 10
41 7 4
19 2 9
6 0 3
41 33 3
8 13 14
14 41 5
41 46 10
33 31 1
47 25 18
22 13 4
27 47 9
34 15 11
28 22 1
17 42 19
32 10 17
27 42 1
23 8 8
31 47 6
23 31 6
39 20 14
49 43 18
7 46 18
1 6 1
22 7 6
39 12 12
41 25 17
20 8 8
47 6 8
25 22 17
44 32 2
38 20 17
23 13 6
8 36 5
39 30 8
42 37 8
27 48 13
5 46 15
8 22 13
13 43 15
25 30 11
29 49 2
8 48 1
2 27 13
32 2 2
23 34 5
38 18 12
19 35 14
46 23 3
22 19 17
37 17 15
11 47 1
20 33 8
2 19 4
38 19 13
11 0 6
6 1 15
16 36 7
24 5 13
35 7 9
11 24 10
31 22 14
47 11 12
31 30 18
13 2 8
41 2 1
9 20 8
0 33 15
14 36 11
33 47 15
49 34 17
45 2 19
43 6 4
6 19 1
14 22 1
11 35 5
20 49 1
32 26 5
7 30 11
4 12 16
38 17 3
45 24 7
42 2 4
6 32 14
36 19 12
3 41 18
0 14 18
21 41 7
30 7 13
42 31 15
24 37 12
32 24 5
8 41 11
31 24 4
38 1 15
29 48 15
24 27 17
0 36 17
48 30 11
6 46 14
1 46 8
14 39 14
48 0 7
12 19 10
29 21 6
32 42 10
34 5 6
15 19 4
23 32 13
9 44 6
27 38 19
47 28 19
49 46 6
20 39 3
45 12 11
18 45 2
26 4 4
37 5 2
15 32 19
13 20 17
16 9 3
29 7 9
6 3 2
4 39 4
28 33 17
19 49 6
17 6 17
7 10 2
22 43 7
34 43 13
45 16 3
29 47 1
45 26 12
49 6 10
28 1 5
42 29 10
20 30 7
47 13 9
19 6 10
42 13 18
10 46 5
28 19 2
8 3 2
35 48 13
1 26 13
31 45 19
12 48 12
46 40 5
26 33 11
28 2 11
6 11 11
32 17 7
0 5 17
43 22 19
45 23 14
34 25 19
23 45 16
21 33 13
27 31 11
43 18 16
43 19 7
24 4 17
29 37 17
13 1 16
20 7 14
44 24 16
