50
0 4 19
4 5 4
5 7 13
7 9 7
9 11 2
11 13 10
13 15 1
15 16 12
16 17 13
17 19 11
19 20 7
20 21 15
21 23 6
23 24 5
24 30 15
30 31 13
31 34 6
34 37 17
37 40 9
40 41 4
41 42 1
42 43 10
43 44 10
44 46 15
46 47 18
47 48 6
48 49 14
0 4 19
4 5 4
5 7 13
7 9 7
9 11 2
11 13 10
13 15 1
15 16 12
16 17 13
17 19 11
19 20 7
20 21 15
21 23 6
23 24 5
24 30 15
30 31 13
31 34 6
34 37 17
37 40 9
40 41 4
41 42 1
42 43 10
43 44 10
44 46 15
46 47 18
47 48 6
48 49 14
10 49 9
24 2 11
2 23 9
32 11 7
31 23 5
2 17 13
11 0 11
7 24 8
5 33 9
49 43 2
5 41 16
49 9 7
1 27 1
10 46 10
16 21 15
9 24 1
3 8 14
30 12 4
48 21 2
8 4 5
18 0 6
44 15 5
22 5 11
48 41 6
31 49 7
40 9 5
15 28 13
10 25 8
24 13 4
26 49 1
10 26 3
49 29 17
3 18 19
30 38 10
46 22 19
20 32 2
14 5 15
34 48 16
47 16 14
43 40 9
1 18 18
42 23 19
48 46 19
36 45 9
24 20 5
35 45 16
26 2 3
1 30 4
15 40 1
9 19 9
48 3 9
18 17 14
47 35 15
47 40 11
46 40 8
21 46 15
14 16 2
0 44 6
15 14 1
43 8 3
13 6 4
1 45 14
11 32 12
26 40 4
36 18 10
24 42 18
27 20 9
24 32 11
27 48 4
0 9 5
49 25 4
24 16 2
38 49 19
26 9 9
4 48 15
44 39 6
8 40 2
9 3 15
20 43 13
23 5 7
10 42 16
41 3 9
45 4 11
10 16 17
29 37 9
36 21 3
1 29 13
6 18 2
35 8 19
46 23 5
4 10 2
3 23 19
29 47 5
36 30 10
12 48 14
7 48 18
34 46 13
0 40 4
18 23 1
9 20 5
38 6 13
42 3 13
0 42 15
12 36 11
47 6 3
3 34 9
36 2 4
13 39 3
36 19 16
42 12 14
39 44 14
29 30 17
14 27 16
22 19 8
31 1 18
35 16 13
38 10 13
25 6 8
12 47 8
48 13 17
48 6 4
26 33 3
32 18 14
9 13 10
19 4 18
23 25 10
9 44 10
22 30 1
4 14 19
18 27 4
15 27 17
45 46 1
20 6 8
35 9 1
34 41 17
42 48 6
43 28 1
36 12 12
9 45 9
11 31 12
32 2 18
0 5 14
23 1 4
23 16 6
11 39 9
16 23 6
2 19 15
27 0 2
13 35 10
37 24 5
49 15 3
40 6 10
2 1 3
32 34 4
38 27 17
41 40 13
36 48 15
27 33 7
43 19 4
27 44 5
47 3 9
40 16 5
26 47 11
13 31 2
23 13 12
16 48 13
34 30 19
30 22 10
7 11 10
33 49 6
26 21 6
24 46 8
31 20 14
27 29 6
11 12 4
11 19 2
47 45 11
14 42 11
17 1 11
48 38 9
44 6 11
36 16 3
25 18 4
47 4 15
8 3 2
10 45 8
26 0 5
34 20 13
46 36 8
30 4 17
1 8 19
43 35 6
20 14 6
35 44 4
34 38 2
7 42 11
25 19 5
21 1 19
27 15 7
43 47 9
37 6 16
5 29 4
47 41 16
27 21 14
41 39 12
30 28 18
48 23 3
22 2 17
33 34 9
36 31 5
21 40 15
2 31 2
44 37 13
43 30 6
41 15 14
6 15 12
26 43 3
5 31 5
44 8 14
16 29 11
35 42 1
16 18 2
22 8 5
29 48 8
38 24 11
14 49 3
31 11 13
1 26 19
37 32 1
13 25 6
48 11 5
43 46 3
24 36 1
18 45 16
0 30 5
0 10 19
5 20 4
25 44 9
22 20 19
32 40 13
2 20 10
26 35 6
20 29 1
47 26 18
5 11 3
23 9 17
21 39 1
29 45 10
6 25 4
28 42 8
42 41 15
18 29 11
26 24 7
0 6 9
6 7 12
25 27 15
17 27 12
13 22 10
35 18 12
35 23 10
4 3 10
36 43 17
38 0 3
26 13 2
28 21 1
15 7 5
19 41 5
39 43 6
5 49 19
38 14 2
0 46 10
38 47 10
31 43 14
26 11 16
37 27 3
38 28 11
24 22 2
16 36 8
1 28 10
39 21 8
40 18 18
44 27 2
14 39 5
18 41 3
40 34 19
17 38 14
41 6 12
22 48 12
35 3 5
11 15 2
29 43 14
16 45 9
13 33 15
37 43 6
45 20 8
12 29 12
10 2 7
13 41 2
30 8 14
10 15 8
15 31 8
0 39 15
38 23 1
35 47 17
31 32 15
33 29 16
14 10 14
40 23 3
28 32 9
40 13 11
25 8 2
9 41 8
36 35 15
25 34 9
17 29 7
49 3 1
1 17 17
37 47 4
33 48 11
33 26 5
2 11 17
33 14 4
37 13 9
16 6 10
27 22 4
26 22 3
44 40 13
43 20 5
10 43 12
1 33 1
26 32 5
25 17 6
38 31 13
38 37 9
47 49 12
20 49 19
38 41 12
24 21 12
20 3 1
32 19 6
20 47 1
45 38 4
41 22 16
5 26 7
49 6 10
48 0 2
27 13 13
34 8 15
18 38 8
19 12 2
33 47 17
25 46 18
37 7 11
18 43 6
8 32 5
41 25 4
48 27 15
29 26 10
16 35 7
21 48 18
27 47 8
22 13 9
33 7 7
22 3 3
44 32 14
11 30 1
32 21 11
29 23 11
25 1 19
21 31 6
21 37 16
8 31 14
34 22 15
4 30 16
3 4 4
22 1 1
47 14 9
25 23 6
21 20 2
12 26 8
4 20 5
20 31 9
1 3 16
26 10 8
7 36 2
49 38 7
44 17 3
24 35 15
11 48 14
37 17 17
13 18 13
3 9 14
12 42 4
3 20 4
3 11 7
4 46 9
37 2 2
10 7 4
18 30 14
35 19 17
12 30 14
31 46 19
9 16 2
8 9 16
47 8 15
1 13 14
16 44 8
5 25 9
10 3 14
10 14 16
37 39 7
16 34 16
48 9 11
30 14 16
47 15 7
19 13 11
0 43 17
31 26 11
0 34 2
25 43 3
1 0 6
13 2 6
15 13 8
4 16 8
47 24 15
48 45 13
25 2 17
6 17 18
17 49 16
1 46 12
24 44 7
42 16 12
18 5 10
34 39 9
37 4 11
20 41 3
9 29 1
41 1 10
3 13 1
26 5 12
24 18 5
43 32 4
17 0 14
1 34 3
37 23 14
10 36 4
1 35 18
32 44 13
21 7 13
47 5 16
34 16 12
31 27 8
17 28 16
23 21 9
2 48 13
43 31 7
14 26 9
6 22 6
23 12 13
14 17 13
23 3 11
36 14 1
15 46 5
5 42 6
19 32 3
3 1 9
4 15 14
44 31 17
30 17 9
41 16 10
12 34 11
4 35 2
41 20 17
45 27 11
39 11 8
10 31 15
17 22 6
17 31 3
44 21 12
5 10 3
36 13 4
3 14 18
29 18 9
12 39 12
28 17 5
33 4 1
42 20 15
19 15 17
23 7 12
10 40 9
15 22 11
25 32 1
46 14 6
4 2 15
17 40 15
49 32 1
17 37 14
39 9 2
25 48 4
26 4 8
31 15 7
0 31 11
36 37 4
45 24 11
46 0 9
33 28 6
18 36 13
41 19 4
33 23 2
49 21 6
18 24 10
11 24 16
12 25 13
32 46 3
0 16 6
18 28 6
5 16 16
40 45 19
26 25 19
13 26 14
19 28 10
42 36 17
4 24 14
32 1 14
43 12 12
20 2 9
9 6 5
0 21 3
5 8 4
14 9 2
27 19 15
28 15 12
4 44 8
8 18 11
42 17 17
33 6 14
39 30 5
44 47 17
31 17 7
36 8 11
0 23 19
14 32 8
45 29 18
5 32 17
41 33 13
44 11 7
34 29 4
9 15 13
47 25 5
40 1 14
28 8 2
42 26 1
46 21 14
33 22 18
16 38 3
25 41 15
23 49 15
4 1 11
22 47 3
34 40 4
13 42 6
35 13 4
48 4 7
0 7 12
3 46 5
45 18 8
27 8 1
48 20 18
6 3 6
24 0 4
12 3 4
26 45 13
7 38 3
41 45 18
5 39 12
8 37 16
27 41 12
21 10 6
19 44 13
3 16 12
35 17 2
42 29 2
12 5 3
11 6 9
39 28 4
23 2 4
33 5 10
46 44 2
38 13 1
1 12 16
25 7 2
24 27 9
4 29 2
41 26 18
29 39 14
25 13 9
10 29 17
24 39 4
16 24 9
21 49 1
45 8 8
7 27 18
7 22 19
7 15 2
33 42 7
25 3 8
32 38 5
4 28 13
29 0 8
49 27 3
15 26 6
43 21 2
33 13 1
49 5 15
49 37 15
38 18 6
29 4 1
46 31 3
45 37 11
15 45 2
47 46 15
12 17 5
10 4 3
39 15 19
40 22 17
29 40 18
23 8 6
35 11 12
25 9 2
13 29 3
0 8 8
3 26 18
28 27 4
39 46 13
14 20 19
36 10 1
3 31 17
8 43 11
2 39 12
44 7 11
12 6 19
47 44 3
8 35 16
41 44 6
15 4 7
31 7 17
14 21 4
5 21 12
35 14 7
34 32 1
16 37 3
35 5 17
6 43 11
43 48 12
6 36 4
27 43 18
9 1 14
44 2 1
20 25 18
36 42 15
18 3 10
17 24 19
16 28 17
36 44 17
39 19 12
41 35 14
45 23 17
10 1 3
14 30 3
0 20 12
46 42 5
7 23 3
39 3 14
33 27 11
15 44 2
8 41 15
30 13 18
32 4 16
39 18 15
26 8 5
42 6 1
39 40 11
16 31 16
49 26 6
26 44 15
35 46 6
45 47 3
40 25 2
18 44 5
8 38 12
9 39 4
27 38 14
20 26 2
5 35 19
11 43 8
16 4 11
29 12 15
37 44 18
22 41 12
40 10 18
36 32 8
0 41 11
18 35 17
43 2 9
7 1 11
21 27 11
28 38 18
3 27 13
22 35 2
6 30 6
36 29 1
3 25 3
22 27 4
35 49 4
19 8 17
32 3 15
20 27 5
43 36 16
8 29 1
15 49 11
9 35 13
41 17 14
47 34 15
48 24 13
33 41 2
23 27 7
23 42 10
10 20 14
15 21 17
4 33 4
7 31 14
4 25 5
44 43 13
7 47 7
2 15 5
24 5 9
39 14 12
4 27 2
10 11 7
9 31 14
10 41 1
24 37 6
20 17 6
14 33 17
1 42 4
25 40 6
46 6 3
19 36 10
28 7 11
40 8 6
29 49 13
31 18 9
30 42 1
28 48 18
21 36 3
25 15 18
34 1 8
49 10 2
9 32 16
42 32 12
18 46 6
15 10 17
36 27 4
26 23 13
9 30 11
27 6 13
28 34 18
5 28 11
21 5 2
33 18 8
35 27 8
22 23 18
33 0 11
31 8 11
7 13 6
15 42 15
35 48 4
45 39 7
16 25 15
35 24 9
24 43 18
35 21 17
29 5 17
18 31 15
14 0 8
33 39 3
6 42 9
45 12 19
40 49 8
10 44 3
28 9 19
25 36 18
13 7 15
45 44 8
49 13 15
12 23 13
17 30 5
44 13 16
34 11 12
17 3 15
9 49 16
12 38 15
30 47 4
30 49 5
14 12 18
25 30 18
27 10 11
43 41 10
20 4 16
30 3 16
47 36 19
40 4 10
7 37 1
39 13 18
29 17 3
14 45 5
2 26 9
47 38 14
37 8 15
13 46 2
8 7 13
4 40 2
13 16 6
6 38 16
18 1 8
19 23 17
49 36 11
41 43 4
2 18 15
29 14 12
20 8 14
33 2 4
31 35 6
44 45 3
29 41 4
39 0 12
26 34 10
31 30 6
45 5 15
11 42 17
43 24 19
27 12 5
36 24 9
11 28 10
29 33 15
33 30 19
9 25 13
33 38 9
0 22 18
20 46 19
20 16 1
10 19 4
30 5 15
17 13 9
45 35 11
15 12 6
25 33 14
37 30 9
8 33 9
22 10 4
2 44 8
26 1 17
24 3 16
21 28 17
42 24 4
13 47 19
16 2 5
21 38 17
39 1 7
30 43 19
3 44 15
29 31 1
22 0 8
23 14 9
46 8 5
13 14 11
23 28 5
46 12 1
24 38 7
35 39 16
16 3 10
31 28 14
13 8 7
48 47 5
14 31 17
32 28 16
42 1 10
6 28 6
40 24 10
19 40 3
16 1 19
47 12 12
45 48 14
25 10 3
16 33 9
17 20 8
31 36 16
32 14 12
6 23 17
39 17 3
19 25 4
8 1 1
30 16 9
36 22 19
4 6 12
10 33 1
48 14 12
23 45 7
27 2 1
40 38 11
41 10 17
46 11 17
27 24 5
9 48 1
42 8 11
8 14 18
34 36 6
36 25 3
40 37 18
49 34 10
0 3 10
1 22 14
10 9 7
22 6 1
15 48 6
3 2 2
2 35 5
14 38 10
14 8 6
23 41 7
11 21 14
7 25 11
22 28 6
16 32 13
43 34 8
27 9 12
2 7 7
27 31 6
42 22 5
33 19 5
39 42 4
35 26 11
23 26 2
44 26 9
49 17 4
41 24 10
21 24 12
12 28 6
18 4 10
12 37 18
49 31 15
7 43 19
38 11 9
2 42 14
34 33 19
34 0 2
31 19 5
28 36 2
49 19 12
3 39 8
19 11 17
34 42 13
27 30 1
8 36 8
3 32 5
47 1 7
47 28 14
11 20 1
0 26 15
39 26 1
1 4 4
38 25 19
26 16 15
44 30 4
3 5 4
15 41 15
20 1 17
27 26 3
3 42 10
20 9 15
13 5 13
32 41 9
2 30 6
6 13 17
1 43 11
2 33 5
41 23 1
18 8 5
5 38 14
7 16 16
6 31 1
17 34 17
45 40 4
48 7 2
9 23 3
47 22 10
17 23 1
38 22 8
25 12 6
47 7 5
31 22 19
7 5 10
7 20 2
46 18 7
25 47 7
0 25 8
17 16 12
30 39 5
14 44 15
27 35 17
17 35 1
35 20 18
30 1 11
44 20 15
13 49 19
36 20 16
38 5 18
8 22 3
43 7 16
36 33 16
13 0 12
28 11 17
5 14 11
8 26 14
21 26 10
3 47 14
38 29 2
43 11 11
14 43 5
46 1 12
9 46 3
4 12 10
30 7 4
31 3 8
21 45 10
19 47 9
3 0 14
30 15 15
24 23 16
41 9 1
18 11 3
17 18 15
45 42 19
2 8 13
3 36 12
41 49 13
45 43 3
31 42 3
26 12 1
13 37 18
48 8 15
14 41 19
5 22 12
33 15 1
24 4 3
4 23 9
19 49 18
12 32 1
40 21 6
30 34 12
8 13 18
17 14 17
32 30 15
27 34 19
4 19 10
11 34 9
28 13 18
2 45 12
42 47 8
34 2 6
16 49 19
9 17 19
25 24 8
12 10 1
42 49 12
15 30 5
21 11 13
37 16 1
20 39 9
15 11 7
3 40 14
48 28 19
44 19 12
45 26 10
42 19 13
9 33 8
31 41 6
13 9 4
38 19 8
17 10 6
25 38 11
4 49 10
8 46 1
2 0 17
9 18 1
9 27 8
4 45 7
11 44 12
1 11 4
3 38 17
23 0 15
8 30 4
19 43 18
29 42 3
21 2 11
12 45 1
5 37 1
42 5 11
31 25 9
41 13 17
29 27 1
14 47 16
23 17 15
16 9 6
3 45 13
7 34 11
16 15 9
41 18 15
18 16 17
5 40 6
21 25 18
23 30 12
39 47 4
15 24 2
24 33 14
0 12 11
19 0 4
15 23 9
23 48 8
37 41 12
29 46 6
2 21 15
20 44 13
35 41 13
10 24 2
9 36 14
18 39 11
22 42 13
29 7 13
0 36 6
24 19 5
41 14 8
32 29 12
10 34 3
7 39 8
14 2 19
7 19 10
35 7 3
44 5 14
11 14 3
23 20 13
43 29 8
25 28 6
9 38 16
38 7 13
43 10 16
18 21 9
6 32 7
23 35 13
6 48 16
24 12 12
25 39 16
41 5 4
30 11 17
43 5 6
40 0 17
22 38 18
42 25 16
19 29 8
44 41 8
20 42 8
19 9 10
28 2 9
32 13 14
19 5 7
34 24 5
28 26 8
32 15 17
7 30 2
30 10 6
34 44 7
48 32 9
42 45 19
18 13 9
31 2 6
48 1 1
39 7 15
20 15 2
10 39 19
13 24 7
29 13 17
24 47 10
32 9 11
16 27 1
13 43 19
34 28 7
42 2 12
34 49 2
21 0 18
33 46 11
5 27 4
4 43 2
20 10 12
22 26 15
0 18 11
34 5 4
40 14 5
37 9 16
42 14 9
41 4 6
33 3 6
8 45 13
31 16 13
11 8 4
4 13 6
34 35 6
16 11 14
12 7 8
40 15 8
5 19 19
6 33 11
1 48 15
15 6 10
27 17 12
44 4 17
12 31 18
6 10 8
46 5 16
49 47 9
23 22 15
21 4 6
36 4 14
43 13 8
42 38 2
0 2 7
0 15 8
18 26 16
7 26 3
14 6 9
17 36 2
5 23 12
15 43 4
3 21 14
8 6 18
40 12 9
20 22 7
47 39 7
29 44 17
42 27 7
44 49 18
34 10 9
30 19 11
45 0 16
29 38 6
12 13 16
26 30 11
5 43 7
33 32 15
47 42 10
31 48 3
11 38 18
15 1 11
46 35 13
23 39 1
11 46 6
13 44 18
28 22 9
21 44 13
1 49 15
15 33 5
7 29 17
35 29 19
46 41 16
11 49 12
35 0 16
46 3 7
37 11 15
34 31 15
7 17 1
31 14 5
18 34 11
3 30 19
27 18 12
0 32 13
46 37 19
38 12 4
10 37 8
48 35 8
11 22 6
31 44 2
21 41 17
17 25 9
19 7 19
10 32 15
38 21 13
26 36 1
7 44 2
44 12 12
39 41 14
23 29 7
41 47 11
33 40 14
2 27 14
6 5 7
40 28 6
27 45 17
21 12 10
40 29 10
11 35 13
30 9 12
19 21 5
46 26 5
24 25 15
1 36 3
26 31 8
30 6 10
42 39 6
13 23 17
11 4 13
19 38 13
42 9 17
49 20 9
6 44 13
30 18 13
14 22 8
18 19 3
7 10 17
48 37 12
32 31 8
10 22 6
35 38 19
41 29 8
37 5 1
49 46 3
13 3 18
13 40 11
12 27 18
38 16 10
12 9 10
6 12 16
8 2 8
43 1 3
1 21 9
17 43 19
15 35 13
11 47 16
22 45 2
47 27 17
2 37 11
37 12 2
34 18 9
19 27 7
6 1 15
45 28 4
6 26 9
19 2 4
14 34 8
7 8 6
7 4 14
20 13 6
36 15 1
42 31 12
35 43 9
6 20 4
49 44 18
23 10 13
38 33 1
6 41 14
1 14 10
0 33 5
27 39 3
42 33 16
15 20 2
27 32 2
47 13 13
36 1 7
9 21 9
19 39 13
31 6 15
33 12 13
33 37 15
10 27 5
1 5 14
20 48 5
13 30 9
14 25 13
35 6 3
38 42 11
9 47 1
15 39 12
46 43 2
11 29 7
11 1 2
24 48 7
33 24 10
5 15 5
43 3 7
29 28 16
47 17 12
41 30 12
34 14 6
40 7 10
19 22 2
34 25 1
34 45 16
22 46 12
24 29 1
37 21 12
26 42 17
0 35 18
11 16 2
30 24 15
17 2 1
40 33 7
29 2 19
31 47 11
9 7 14
48 12 13
14 29 14
49 1 3
21 18 9
32 35 16
2 22 10
39 4 16
32 10 19
14 4 2
31 12 17
19 35 12
35 34 1
9 10 7
13 17 7
24 6 14
9 43 17
21 42 15
3 33 2
16 12 16
44 29 17
26 29 15
22 43 15
37 25 16
14 7 19
36 23 11
36 0 11
48 18 6
16 47 8
48 10 5
27 14 13
45 11 2
49 2 18
32 42 4
4 8 19
38 26 11
35 4 9
10 35 15
19 45 12
6 49 18
15 34 7
3 10 6
32 45 17
1 9 13
46 13 3
23 11 14
5 48 1
14 28 5
48 25 9
40 26 10
5 18 11
38 4 6
12 1 3
45 7 5
17 8 4
45 31 14
11 40 1
48 2 4
29 19 12
22 4 2
45 32 19
12 46 19
28 1 1
22 24 13
9 8 19
40 17 18
41 27 12
42 11 15
31 37 15
2 24 10
0 11 16
17 26 14
11 36 14
24 17 2
4 39 3
33 21 7
1 10 14
31 9 3
16 5 16
38 20 4
37 0 5
2 10 7
21 19 19
45 15 12
9 4 4
28 10 16
29 3 18
4 22 3
33 11 11
37 20 16
29 9 7
28 0 2
16 41 9
46 24 3
0 38 14
22 39 16
1 39 17
39 37 15
38 35 19
15 37 5
42 40 17
46 17 17
29 15 17
39 34 2
32 0 10
24 10 15
3 43 18
31 10 8
37 18 19
1 47 19
2 28 15
30 27 10
39 20 14
39 25 14
7 40 7
19 6 13
12 21 9
48 26 14
21 22 13
25 21 9
34 4 16
24 45 10
12 4 13
38 45 2
12 49 8
1 20 15
47 23 7
11 9 1
14 19 9
6 4 17
4 34 2
47 9 6
6 37 16
27 5 12
49 22 18
48 30 2
24 15 11
16 13 5
16 10 2
12 41 2
48 16 14
23 33 15
17 6 12
37 28 18
12 35 18
22 15 19
28 5 13
19 42 12
45 9 4
20 18 9
8 0 3
5 3 7
22 33 19
16 7 8
1 25 1
38 30 4
10 0 1
45 19 8
31 45 4
48 29 11
4 17 12
19 18 2
25 0 19
27 40 17
9 40 14
16 46 2
35 40 16
46 33 16
30 32 3
16 39 7
15 0 7
44 34 5
8 20 5
40 3 10
37 38 19
48 44 14
12 18 17
18 32 11
39 35 1
43 38 9
22 16 9
8 48 6
35 30 13
26 14 8
5 4 2
41 2 10
44 18 12
13 19 14
37 33 3
45 33 5
10 21 1
5 44 5
38 1 12
43 39 17
24 7 8
2 12 11
13 11 17
46 48 16
8 21 11
28 31 10
37 42 8
21 14 13
8 39 9
42 13 13
30 25 12
41 28 13
6 0 12
12 43 8
18 33 19
29 10 2
39 38 13
46 2 14
2 32 5
13 12 1
34 3 9
28 45 3
29 34 8
26 19 16
31 29 9
2 4 6
39 48 5
13 28 17
29 20 8
23 19 13
32 5 11
24 28 4
0 19 9
38 9 2
25 31 14
30 41 18
11 10 16
49 7 4
3 7 13
3 35 14
5 47 9
40 42 17
46 49 6
16 8 11
20 38 2
7 3 13
40 30 12
20 35 3
48 5 7
7 33 3
32 49 9
16 30 18
44 0 2
2 41 19
13 10 2
40 27 18
17 33 14
27 4 4
37 35 12
14 1 14
8 24 4
35 10 9
28 40 18
7 32 12
22 9 16
10 28 14
26 39 19
4 37 14
6 47 17
0 49 16
13 20 7
16 43 6
15 2 5
18 7 2
5 9 5
21 17 7
5 13 9
47 20 9
38 32 17
19 26 18
47 31 9
28 23 8
45 3 2
21 29 7
32 37 16
2 6 17
30 0 9
24 8 16
44 35 8
8 5 7
32 7 2
26 18 4
22 49 16
30 46 2
0 48 13
47 21 5
27 23 2
44 48 16
41 0 18
21 32 4
42 4 19
22 37 6
9 22 11
40 35 13
49 18 3
29 22 7
37 26 1
17 4 17
47 43 7
48 43 1
26 15 7
18 40 19
44 38 15
17 48 10
28 16 13
1 32 19
48 40 19
26 46 13
33 17 5
1 7 17
2 43 18
4 36 18
3 28 12
28 4 10
40 2 1
42 46 9
46 25 7
35 2 10
32 6 9
19 48 8
11 3 6
7 6 6
4 38 12
20 34 15
27 7 13
11 33 14
17 32 2
0 14 12
13 32 9
46 34 6
13 34 17
36 26 10
42 18 11
3 24 12
15 38 1
1 44 4
43 23 12
35 22 15
40 5 15
41 34 10
9 42 15
49 11 3
40 47 3
7 18 17
19 14 2
12 20 4
26 38 2
8 11 7
31 38 12
25 22 10
27 42 15
23 47 10
32 47 1
44 1 14
21 8 5
40 48 10
33 8 9
6 19 10
44 9 12
36 49 14
22 21 5
13 45 4
40 31 17
36 9 15
24 9 6
7 0 4
15 18 6
48 22 8
17 12 10
25 20 15
13 21 9
23 18 2
15 47 15
28 14 2
47 33 13
26 6 1
45 30 15
4 47 6
28 6 5
36 17 15
17 9 2
12 22 2
6 24 13
10 6 7
25 49 14
8 19 8
5 2 18
24 1 19
39 31 4
45 22 1
18 25 13
42 34 16
41 48 3
13 38 10
10 30 13
44 33 2
40 11 14
24 41 4
9 34 7
49 8 13
29 24 4
29 21 5
27 25 3
46 29 19
17 15 2
28 20 7
19 17 13
22 12 13
13 4 9
14 23 1
20 28 13
6 46 16
42 28 3
31 21 8
23 40 6
41 12 8
9 2 5
24 49 3
4 9 12
14 48 14
9 5 6
10 8 3
6 21 10
36 11 3
16 26 16
46 10 14
4 41 19
14 46 17
2 25 14
22 14 8
28 19 11
28 33 1
16 0 3
9 12 3
10 17 6
31 24 13
8 47 11
42 37 3
26 28 1
37 15 6
22 7 10
3 37 13
20 24 2
18 6 5
49 16 12
5 34 7
8 42 17
10 18 12
39 5 4
42 10 1
18 42 12
46 38 1
11 37 5
30 26 11
6 39 4
21 9 1
0 47 2
49 42 1
26 7 17
34 15 5
40 46 19
6 40 12
8 15 5
27 3 6
20 19 4
19 37 7
11 41 14
49 23 16
29 35 1
23 36 3
28 25 15
4 18 16
11 18 2
19 10 2
44 24 3
7 35 17
28 46 12
12 0 8
24 31 7
44 28 19
39 10 5
8 25 18
41 37 2
41 11 7
6 9 4
27 46 9
