100
0 3 6
3 4 6
4 5 6
5 7 15
7 10 10
10 12 10
12 13 7
13 14 12
14 15 1
15 19 7
19 20 3
20 21 16
21 23 3
23 24 14
24 30 11
30 31 5
31 33 10
33 34 19
34 35 19
35 36 1
36 37 15
37 38 8
38 40 11
40 42 18
42 43 4
43 45 5
45 47 18
47 48 13
48 50 9
50 52 3
52 55 13
55 56 6
56 59 9
59 63 13
63 66 3
66 70 7
70 71 14
71 73 2
73 74 8
74 75 4
75 76 18
76 77 1
77 79 9
79 80 15
80 81 11
81 82 13
82 83 8
83 85 16
85 87 19
87 88 8
88 89 16
89 90 9
90 91 2
91 95 15
95 97 16
97 99 3
0 3 6
3 4 6
4 5 6
5 7 15
7 10 10
10 12 10
12 13 7
13 14 12
14 15 1
15 19 7
19 20 3
20 21 16
21 23 3
23 24 14
24 30 11
30 31 5
31 33 10
33 34 19
34 35 19
35 36 1
36 37 15
37 38 8
38 40 11
40 42 18
42 43 4
43 45 5
45 47 18
47 48 13
48 50 9
50 52 3
52 55 13
55 56 6
56 59 9
59 63 13
63 66 3
66 70 7
70 71 14
71 73 2
73 74 8
74 75 4
75 76 18
76 77 1
77 79 9
79 80 15
80 81 11
81 82 13
82 83 8
83 85 16
85 87 19
87 88 8
88 89 16
89 90 9
90 91 2
91 95 15
95 97 16
97 99 3
63 43 6
83 79 14
42 61 18
89 9 14
3 24 17
6 59 18
94 5 3
58 2 3
86 23 16
47 9 12
60 66 12
13 49 4
24 80 4
34 94 12
37 36 2
47 59 14
26 90 16
16 78 12
61 1 4
63 88 4
4 95 7
1 72 8
98 55 17
83 35 7
10 39 15
95 29 13
76 18 10
8 25 1
12 91 13
45 11 5
55 45 6
33 41 18
39 45 7
65 9 2
93 91 19
51 21 13
16 77 6
57 83 6
57 54 14
21 99 7
34 65 19
51 38 12
14 61 16
94 66 15
75 32 3
46 13 19
73 4 8
64 14 15
98 92 2
1 97 12
23 94 14
42 68 3
23 65 6
51 23 10
92 77 16
46 66 8
41 30 2
89 96 11
76 2 14
78 76 12
41 2 17
35 19 16
52 93 11
95 10 15
63 47 16
29 42 10
70 15 12
11 89 12
55 70 8
38 90 17
28 40 9
83 47 19
66 0 2
56 41 13
49 27 2
1 58 6
29 60 9
21 78 7
37 64 12
58 47 14
32 5 15
85 21 3
50 43 19
70 68 16
97 39 6
1 43 7
31 89 18
31 37 19
5 34 8
15 41 10
97 8 6
28 19 11
78 67 1
19 57 6
37 32 15
24 14 18
81 61 14
55 36 11
60 89 14
45 3 14
34 70 15
66 43 5
5 59 13
96 16 8
10 78 6
29 85 19
45 96 3
73 11 1
45 54 6
33 89 10
77 93 9
44 87 4
4 3 2
54 40 12
36 3 15
34 18 7
94 72 9
12 86 5
65 10 2
50 94 3
5 21 16
17 22 3
46 97 5
48 52 14
95 71 11
9 21 7
37 3 19
90 57 18
29 33 9
17 10 19
11 28 7
2 26 7
92 55 19
3 17 19
98 2 10
35 76 8
77 90 4
43 95 19
25 51 7
73 81 15
58 75 16
67 53 16
67 62 1
97 37 19
56 39 4
93 47 4
89 99 10
1 81 14
79 14 16
17 98 10
23 12 10
72 76 9
18 93 14
54 28 4
52 10 18
66 61 19
72 2 8
39 90 6
65 66 4
66 64 18
98 9 1
42 72 15
56 74 4
48 41 5
19 4 14
17 49 9
16 37 5
54 69 2
10 89 5
62 56 19
47 93 16
46 83 12
54 38 19
47 36 10
12 52 15
6 62 12
16 58 6
53 44 4
6 76 19
88 83 1
22 42 6
97 13 16
76 62 5
78 72 10
84 73 6
16 76 9
58 44 14
42 60 4
57 65 16
22 86 12
69 21 19
12 97 9
65 27 12
25 84 17
69 4 7
2 52 3
33 4 12
74 45 4
84 11 13
85 77 6
19 88 19
66 7 16
57 47 12
99 92 9
84 90 7
61 35 6
72 80 6
33 38 5
15 80 10
15 11 4
98 34 18
80 79 10
28 15 1
10 63 19
95 42 5
32 82 18
94 59 18
38 35 14
31 73 6
87 46 1
59 35 16
4 7 7
74 61 15
42 63 1
26 60 10
3 35 7
51 44 13
31 83 6
16 92 4
53 75 11
52 31 1
51 36 12
3 69 14
31 66 16
92 30 12
92 89 17
64 88 3
58 20 4
85 72 10
74 41 10
58 93 2
71 82 9
20 22 1
39 67 5
60 94 2
54 62 3
77 46 6
50 2 11
27 70 9
28 76 1
44 50 12
9 98 13
56 82 4
67 15 8
10 29 3
44 34 14
42 73 1
97 16 9
29 84 2
41 19 1
30 56 2
19 24 16
7 41 15
7 34 7
62 96 1
91 52 9
19 58 14
7 52 19
98 29 2
89 2 1
34 5 1
15 94 10
64 1 17
72 8 15
34 37 2
27 80 5
1 42 5
73 87 8
43 39 5
57 36 15
11 32 7
75 82 2
21 1 1
49 11 14
94 18 1
45 72 5
16 52 8
68 75 6
89 45 14
20 29 5
6 32 7
99 0 11
72 69 14
41 65 18
96 26 13
52 96 14
49 88 3
90 26 1
25 44 2
27 31 12
36 97 19
81 53 7
60 51 1
5 68 12
57 69 9
49 68 14
5 71 7
72 27 16
34 79 4
37 31 10
59 83 11
76 52 5
48 10 14
73 5 2
49 39 13
4 1 16
43 64 11
84 48 2
50 19 13
96 36 13
63 87 16
35 84 10
18 78 16
66 89 3
38 45 3
65 74 2
68 94 15
2 91 16
22 89 11
85 39 17
32 14 19
12 46 17
40 30 13
28 80 10
51 55 13
29 54 14
22 55 14
87 84 16
19 86 5
7 9 13
6 60 12
67 74 8
2 70 19
14 64 13
54 86 1
84 18 18
80 33 2
35 45 13
67 55 9
11 71 10
51 78 4
62 70 14
81 17 19
84 2 19
87 92 5
61 58 19
48 67 4
80 62 14
32 20 15
86 61 9
51 69 12
93 30 10
81 9 7
88 94 3
34 38 5
12 49 14
12 74 11
15 95 17
96 41 18
57 79 2
13 56 3
80 8 7
41 77 17
45 88 12
28 69 12
31 82 18
60 14 14
0 95 18
25 33 3
92 21 9
7 55 14
64 82 13
10 60 17
85 79 18
1 80 18
76 90 8
16 11 16
29 27 7
80 98 12
6 51 19
89 25 6
84 60 14
91 97 4
13 36 9
53 62 5
62 71 16
2 3 3
98 80 9
50 98 4
21 11 11
99 90 10
60 79 7
85 43 18
77 60 16
39 65 13
9 83 13
7 89 19
56 86 16
86 15 18
72 16 18
74 94 8
40 63 15
30 10 18
35 98 1
81 55 17
85 9 13
40 68 11
95 43 8
65 94 10
86 79 19
41 32 7
4 26 17
15 42 19
74 34 1
55 0 4
56 81 12
43 89 6
78 83 12
11 15 16
6 2 18
58 11 14
98 20 11
79 96 9
23 4 11
1 40 4
15 26 8
5 77 15
50 48 8
37 75 10
61 37 6
20 50 6
49 56 13
29 72 6
21 16 3
74 20 8
26 40 16
42 52 19
40 14 13
35 47 10
8 65 14
76 4 4
3 72 7
2 58 4
52 83 14
78 96 8
20 42 12
22 93 15
70 45 6
23 70 7
23 59 11
23 90 3
80 93 13
92 85 7
95 12 2
33 94 16
5 89 17
43 59 18
55 35 1
27 12 3
61 38 3
74 4 10
32 57 7
17 23 13
59 12 13
25 77 3
44 69 1
27 57 11
46 80 13
38 59 8
42 91 14
24 6 9
36 12 19
31 72 7
15 59 7
19 71 14
0 13 2
73 45 3
79 48 14
79 28 9
47 2 5
74 68 6
84 5 4
37 80 1
59 37 17
44 14 18
62 82 17
71 19 18
86 70 6
15 21 7
4 93 16
51 96 6
48 12 11
12 84 7
27 66 3
76 11 15
85 24 18
92 81 4
94 56 19
59 24 3
59 15 6
74 64 6
88 17 6
6 72 3
38 77 16
26 36 10
57 59 9
39 42 13
73 88 10
79 63 6
8 26 1
77 42 9
12 26 14
5 83 13
94 54 11
97 50 18
71 95 1
77 7 15
9 1 5
38 78 4
49 92 1
96 14 9
88 34 6
16 72 8
55 3 6
43 58 9
17 6 6
6 93 11
49 55 6
15 17 4
22 99 8
18 27 17
83 78 7
76 67 11
66 49 12
54 60 10
9 10 12
77 84 2
6 77 6
56 37 17
53 42 13
13 58 13
10 37 10
73 25 8
93 29 4
28 81 16
9 34 4
96 37 3
82 5 3
62 84 10
51 6 12
75 65 18
75 8 18
37 89 11
53 93 19
49 46 4
73 80 6
65 2 12
24 87 11
74 67 7
63 24 7
64 15 9
32 51 15
40 15 17
64 8 13
26 20 19
68 45 1
33 80 18
88 45 4
90 25 4
12 89 4
86 66 18
71 49 2
5 25 15
55 82 8
86 84 6
36 75 6
89 11 3
95 46 6
61 43 19
54 13 10
92 80 17
72 62 11
50 27 14
96 68 14
70 66 1
62 94 12
20 35 9
49 64 14
74 12 5
70 27 12
32 81 6
79 58 19
58 84 8
15 14 4
98 50 12
58 64 18
62 22 13
23 61 19
21 95 4
60 10 7
82 28 17
66 88 16
66 24 15
9 28 9
65 29 5
56 9 8
29 25 18
16 54 13
8 19 15
95 25 3
54 44 15
72 52 3
46 47 14
96 28 11
23 8 10
47 45 11
62 38 7
79 22 10
59 93 19
31 11 16
29 52 14
53 86 14
2 23 4
61 57 14
46 98 11
90 82 9
22 20 10
81 41 1
12 27 11
35 21 18
82 19 10
19 36 3
78 63 19
76 88 19
13 76 14
6 45 2
44 19 3
82 10 16
23 86 1
10 11 6
10 70 6
9 75 13
60 0 1
34 40 3
53 27 15
35 86 2
62 73 8
98 38 15
53 47 8
93 88 1
42 77 13
55 67 15
50 84 16
2 38 2
66 77 19
80 84 3
44 27 2
83 42 11
42 71 11
54 71 15
65 33 12
41 47 8
32 62 1
47 82 2
16 56 1
28 16 17
6 10 2
84 37 9
71 44 6
14 88 16
98 53 6
47 20 11
93 84 5
61 28 11
53 85 9
34 25 19
84 83 4
37 59 16
25 18 4
45 92 10
32 53 19
90 86 12
71 51 19
6 14 8
23 96 8
83 80 3
38 70 15
79 29 8
15 77 17
45 25 2
39 88 18
53 25 14
70 75 6
99 72 18
69 86 1
18 81 11
85 34 13
46 89 1
36 16 17
82 32 19
17 50 5
30 44 3
59 68 5
61 30 2
37 10 19
64 24 8
71 27 8
9 90 8
42 6 4
91 4 9
96 53 4
67 37 4
20 57 6
26 33 14
28 20 15
1 94 6
5 64 10
91 63 3
63 18 8
13 78 10
67 40 18
52 71 14
40 44 16
83 86 10
55 22 2
61 18 4
94 58 8
1 11 1
57 11 3
93 90 6
96 35 17
81 44 12
97 48 7
31 52 5
45 22 18
76 22 1
3 77 9
76 1 2
63 79 19
79 12 8
44 99 15
18 52 4
14 91 16
35 55 13
46 40 18
58 77 10
44 76 16
51 62 16
8 83 18
72 96 2
49 86 12
3 2 12
31 65 11
14 78 10
63 36 19
37 44 12
31 94 11
85 82 4
69 17 12
46 16 3
98 30 13
77 26 11
35 54 5
58 67 4
91 45 19
97 52 14
24 1 14
89 22 17
75 14 11
88 69 11
68 70 16
3 43 10
53 6 19
20 0 18
97 35 7
10 68 10
45 30 12
8 33 17
83 13 10
25 29 2
99 17 18
60 20 13
97 31 13
36 9 12
65 88 1
43 21 3
72 32 17
45 43 3
61 70 5
1 61 8
4 10 14
23 39 12
85 65 10
26 69 13
64 31 1
1 77 6
32 23 16
58 21 15
23 95 7
54 32 17
62 50 12
24 21 19
90 2 19
75 81 11
13 28 18
23 33 11
46 62 17
3 58 6
70 74 1
81 51 10
38 60 14
95 41 12
99 3 4
79 23 18
30 72 14
90 30 5
71 22 3
74 82 9
44 33 6
68 32 17
73 97 14
51 95 14
81 1 9
80 14 9
77 52 6
3 89 5
55 12 2
48 99 18
65 12 12
97 59 14
20 12 17
25 58 9
3 78 19
86 51 7
13 57 12
86 17 9
33 61 19
73 96 13
18 89 5
80 64 11
36 54 7
13 86 1
67 22 13
69 98 13
64 97 16
78 74 16
29 16 19
66 23 17
44 57 2
66 40 16
57 81 9
30 38 4
41 45 12
88 42 12
32 56 16
72 61 8
82 35 9
36 68 17
70 61 5
75 33 7
28 27 5
67 97 6
81 39 1
14 43 8
28 88 17
23 54 2
59 13 19
96 91 17
4 58 19
61 67 2
79 98 2
31 86 16
10 59 8
99 50 17
58 5 16
18 79 5
34 42 6
54 9 7
79 60 1
36 15 8
45 56 10
30 86 10
57 8 13
80 60 16
45 78 10
80 63 15
60 91 13
55 71 4
89 85 16
19 66 9
4 84 6
80 95 10
65 71 1
74 88 6
43 67 12
9 74 1
60 21 5
61 39 6
79 4 16
26 86 9
58 55 3
40 47 3
0 49 9
61 42 13
75 13 7
46 7 19
80 51 18
32 17 4
68 81 16
82 76 11
88 66 10
40 21 17
37 57 15
14 0 7
6 95 5
39 37 2
56 67 14
83 75 18
87 56 14
47 37 4
39 95 2
53 26 2
14 68 3
23 98 13
92 9 9
61 78 19
1 15 14
58 71 2
75 3 11
72 94 5
30 41 5
59 32 10
96 13 8
38 88 2
10 33 9
30 0 19
35 41 12
15 55 16
98 73 7
70 21 5
51 86 10
44 24 13
63 81 9
4 78 17
13 71 15
14 60 7
97 32 5
90 45 3
49 9 1
11 88 15
75 19 4
55 75 10
13 48 13
60 39 8
55 66 15
7 76 9
85 64 10
72 55 16
80 56 19
86 10 10
35 16 11
94 14 7
27 85 19
1 7 3
71 25 1
30 66 19
20 26 19
48 46 7
92 10 19
49 53 1
83 36 13
29 53 7
69 46 14
46 15 10
50 35 2
34 66 11
17 81 12
39 12 5
21 84 5
21 25 3
62 18 10
68 48 11
47 73 3
22 23 18
0 64 7
90 67 17
46 32 17
69 44 14
23 78 12
63 95 11
52 4 11
62 21 13
65 69 15
77 25 12
56 25 6
13 79 14
73 83 7
38 26 7
96 84 15
87 44 11
49 50 11
47 27 3
17 4 10
6 68 7
90 10 14
97 58 12
58 78 13
63 14 2
85 83 1
89 87 14
35 56 12
33 42 14
22 68 5
11 57 3
46 87 7
73 33 10
71 78 2
6 34 19
5 60 10
46 29 4
71 6 9
70 98 17
29 39 10
10 74 2
71 54 6
49 70 18
84 65 4
20 78 17
22 62 15
91 1 19
37 65 19
85 55 11
95 87 10
91 26 10
58 95 13
3 33 8
58 31 15
99 14 18
90 54 9
43 72 14
10 23 1
40 31 4
84 22 16
65 17 11
86 50 4
73 6 7
57 30 10
78 42 15
59 28 3
91 31 16
59 70 12
49 26 1
25 85 3
33 47 3
18 2 6
97 77 15
29 70 4
85 86 7
54 10 13
72 6 3
83 2 7
65 24 8
94 29 14
79 99 2
95 31 5
31 45 15
54 99 12
12 11 10
53 55 7
91 62 14
47 31 11
36 23 11
20 23 19
1 85 8
64 79 9
21 80 18
42 46 15
98 70 5
94 3 2
9 72 11
32 36 5
15 37 19
98 13 5
21 3 13
6 71 7
80 89 4
76 30 1
67 28 6
0 26 2
20 36 19
69 68 8
42 93 10
0 79 8
32 75 15
63 71 17
56 85 9
26 29 8
38 85 5
38 64 8
58 30 19
75 57 7
31 46 6
63 8 1
15 24 9
9 26 14
22 59 17
88 26 3
84 88 18
82 70 13
94 39 12
89 19 9
3 86 4
77 75 7
91 50 8
61 36 9
89 82 12
50 9 5
22 6 7
9 63 3
88 54 19
24 77 18
69 31 18
66 53 14
56 71 3
52 18 10
38 97 15
46 48 1
9 6 7
30 20 3
52 23 6
12 45 15
81 7 13
80 25 13
34 96 13
89 94 10
81 56 14
75 47 19
32 79 19
73 28 2
50 85 2
78 86 15
86 80 3
6 26 3
12 32 10
12 92 17
4 85 19
60 64 12
84 33 10
9 56 2
13 40 1
36 22 18
24 33 1
66 56 14
99 55 10
67 58 3
59 60 4
63 16 9
48 28 7
89 63 13
57 38 13
51 0 17
52 81 1
44 18 17
8 75 3
13 33 17
88 95 13
96 76 10
69 78 17
52 56 16
46 76 7
15 35 13
82 39 1
29 43 17
32 12 3
12 59 10
58 99 9
47 65 10
51 37 10
37 58 5
58 33 16
60 78 17
35 42 16
21 54 18
23 25 3
76 58 12
82 71 2
20 27 4
49 66 17
3 7 10
70 91 12
53 33 18
1 46 13
25 14 9
19 82 10
96 63 4
49 99 6
25 13 13
76 0 6
27 48 19
80 77 8
61 33 4
37 79 10
66 37 11
21 63 6
98 36 13
47 67 17
52 74 19
26 83 13
83 94 14
57 74 15
71 87 15
18 11 11
10 25 11
80 69 11
44 70 4
60 16 1
70 2 7
98 51 7
56 27 10
98 26 14
24 72 18
50 5 7
70 94 12
76 16 6
39 20 2
45 89 11
40 97 2
66 12 17
99 28 16
41 52 3
72 60 13
82 12 15
3 52 9
17 3 4
0 16 18
9 84 7
72 91 17
49 91 15
24 43 17
86 95 9
77 70 11
14 41 7
73 63 1
62 81 13
67 11 3
36 59 15
7 51 17
99 59 11
10 99 14
29 6 6
45 60 11
26 32 10
99 57 3
83 87 11
55 37 17
62 0 3
93 45 18
34 76 4
53 12 9
4 87 1
81 23 11
52 65 17
53 97 7
26 70 17
86 31 18
67 87 11
55 83 12
1 31 5
27 19 13
35 69 12
19 63 2
8 68 16
49 77 5
82 85 3
50 39 16
3 62 13
66 94 6
45 66 18
3 21 8
94 25 13
85 1 19
69 41 12
19 28 2
57 87 7
93 13 3
91 24 17
10 48 9
80 23 15
43 66 14
37 94 6
50 81 3
36 35 1
89 51 1
86 14 6
13 62 2
18 8 17
71 80 14
77 5 5
37 62 9
60 35 8
64 96 10
19 72 8
89 77 4
53 84 5
48 83 14
48 74 6
0 18 12
14 65 14
59 92 13
73 3 4
22 97 6
19 95 17
95 30 1
15 45 8
66 27 11
35 70 19
12 57 19
66 44 1
93 95 19
15 44 14
48 81 12
77 58 8
59 18 17
89 0 2
55 19 2
63 42 15
73 50 9
17 59 7
28 51 7
41 39 17
0 86 3
57 32 18
35 94 10
17 43 1
96 65 3
77 13 12
48 36 19
67 29 12
53 66 15
25 50 2
13 3 2
85 19 12
93 49 12
24 13 14
79 72 7
73 51 12
57 63 6
72 18 7
4 74 17
5 26 2
70 49 17
11 92 9
28 70 1
24 86 14
77 9 11
79 83 10
9 20 7
74 59 18
28 35 19
98 77 15
26 93 10
23 1 13
38 93 4
2 61 4
27 56 7
55 91 14
73 40 4
36 62 6
94 67 9
31 0 18
37 4 10
91 69 5
52 78 5
49 32 5
53 11 15
6 91 2
86 63 6
80 88 5
62 95 10
3 64 3
0 31 1
45 35 9
0 74 3
76 99 18
97 56 10
99 48 17
66 9 2
36 46 15
57 12 1
10 86 4
68 43 16
67 64 10
24 58 10
82 40 8
36 88 3
64 23 9
38 30 4
90 39 7
5 0 9
21 87 8
46 4 12
25 67 2
78 56 4
41 18 15
94 64 1
64 39 12
36 95 17
42 20 5
36 38 19
20 46 10
28 62 7
54 20 16
83 43 11
47 51 9
17 73 1
71 35 3
78 39 14
69 50 2
53 17 12
71 31 1
7 3 1
46 95 7
50 66 1
9 27 10
77 94 14
96 46 2
25 57 14
13 0 3
3 79 9
22 40 5
72 88 19
60 46 18
32 83 11
84 40 13
18 25 7
67 79 15
24 52 4
44 83 5
87 75 5
31 16 16
43 17 19
68 9 10
7 6 12
85 38 2
55 73 12
6 37 2
38 80 9
31 4 3
43 8 11
99 70 19
17 34 8
32 11 9
1 59 5
84 56 2
24 47 17
23 69 16
11 94 8
82 24 15
27 61 3
84 25 14
68 28 15
12 28 12
25 82 11
35 77 16
85 33 7
81 76 6
21 72 7
64 30 1
64 73 5
46 70 17
78 4 15
84 6 13
33 82 5
97 85 19
63 70 11
83 59 6
72 13 6
29 10 8
28 49 14
19 25 9
85 71 2
23 99 18
6 50 18
60 22 15
76 87 16
11 1 1
64 93 19
92 91 18
91 92 9
26 15 1
59 80 8
15 18 6
50 26 10
59 36 18
4 52 5
73 84 18
3 6 1
0 8 14
51 54 18
61 17 8
64 9 4
21 10 16
44 10 15
66 81 14
35 79 8
49 58 16
45 27 4
84 24 10
90 28 18
39 96 11
32 84 13
73 69 11
5 87 4
2 14 12
98 44 4
40 33 19
83 61 17
37 50 8
16 55 6
85 30 14
83 48 17
56 88 13
72 73 18
46 78 17
18 88 10
82 49 11
52 82 1
8 56 19
45 82 13
78 25 5
76 24 1
75 29 3
96 49 10
0 59 12
80 15 9
30 64 12
9 42 13
73 29 9
10 9 2
81 75 4
71 26 4
42 34 9
37 97 16
45 21 15
76 15 8
93 89 10
52 88 12
96 12 15
10 57 8
70 93 5
89 17 17
5 33 15
21 44 5
47 40 17
31 15 12
86 93 8
85 74 12
54 67 12
62 13 6
77 51 3
5 53 5
85 14 8
49 71 16
5 75 10
71 64 18
36 30 14
34 75 12
27 3 17
11 36 13
24 12 3
35 38 12
47 13 3
54 7 11
64 17 18
4 15 8
16 24 16
64 7 11
15 85 13
1 17 13
25 2 8
17 57 19
13 43 7
24 75 4
5 3 5
34 36 14
47 77 18
4 92 12
77 64 9
74 51 14
85 16 19
17 12 3
46 9 7
78 53 11
4 65 15
43 82 12
84 23 9
42 9 16
97 7 8
46 71 3
89 86 7
48 56 8
56 52 7
89 8 5
76 59 1
80 47 14
92 96 6
81 46 6
23 0 1
50 58 15
58 18 14
13 15 6
81 45 15
86 0 1
51 98 4
65 59 8
98 14 13
80 74 10
47 10 15
57 76 3
45 46 11
78 75 1
96 85 14
67 14 11
63 90 3
60 67 18
88 0 13
52 15 4
22 87 4
57 22 16
48 45 17
69 55 11
35 46 8
72 59 6
49 90 7
81 84 9
44 72 8
32 47 1
91 19 2
30 60 2
7 57 7
38 55 8
60 29 14
50 86 6
11 21 12
25 22 6
20 84 15
63 11 12
87 36 5
67 57 11
0 72 8
2 92 6
31 47 4
48 47 10
35 15 10
28 66 3
90 23 10
74 55 4
47 0 6
95 8 13
90 53 9
17 83 18
7 33 11
23 44 14
75 83 14
14 42 13
41 99 15
7 20 14
29 26 2
7 4 9
22 51 1
94 32 12
31 42 3
36 13 14
1 39 9
12 31 11
27 93 1
65 16 12
19 74 3
23 72 15
92 38 16
73 32 12
36 4 12
70 82 3
42 4 1
87 8 8
23 56 10
41 20 17
48 25 11
57 75 19
18 65 10
68 4 6
60 70 12
39 47 8
10 35 10
49 52 4
83 96 6
51 91 9
28 67 7
24 8 14
41 1 5
28 91 19
60 6 14
32 30 15
61 84 15
9 36 12
55 52 6
57 70 8
11 50 9
1 78 15
21 28 7
4 16 18
54 95 14
55 92 18
98 69 19
59 34 4
33 5 17
53 73 19
22 78 14
69 0 17
25 56 12
77 67 7
39 59 17
60 56 11
72 77 3
31 50 17
29 86 9
48 89 2
17 54 7
41 35 17
16 63 8
78 98 13
17 45 18
29 0 13
75 16 12
16 95 8
75 67 3
52 26 12
54 15 14
53 31 13
10 8 1
20 58 17
66 68 15
87 3 17
38 0 9
79 57 17
29 47 16
71 30 17
83 72 3
15 88 9
58 10 18
80 29 3
94 89 18
8 98 4
93 80 18
55 38 9
82 78 15
79 36 4
18 30 18
97 9 9
6 9 9
30 5 6
81 68 6
10 58 19
42 28 13
75 90 8
54 50 2
9 51 4
20 72 2
92 2 15
65 75 14
93 28 10
88 92 7
4 55 11
0 36 11
68 25 18
16 74 14
40 69 4
62 1 10
30 34 13
81 5 3
73 76 6
14 11 3
92 58 15
64 44 12
94 97 2
0 20 5
77 43 7
48 65 16
41 71 10
25 20 11
95 65 17
97 74 17
23 19 16
65 57 18
56 12 14
78 44 6
94 23 10
96 79 13
33 78 14
39 58 6
91 54 8
60 49 12
91 41 19
95 83 1
67 13 16
7 36 16
39 33 5
17 41 17
30 4 6
91 86 3
10 55 14
4 79 5
31 6 14
27 65 5
38 72 16
47 72 14
9 18 19
63 57 11
26 57 8
93 0 6
85 92 12
26 49 15
64 34 19
87 61 13
34 62 2
34 77 1
81 99 6
17 76 4
34 16 8
27 4 4
67 4 14
66 41 16
31 71 8
72 17 9
62 39 12
59 65 18
36 83 13
25 28 10
43 63 6
59 16 7
86 18 12
90 13 6
48 34 9
87 1 16
79 9 9
21 64 18
11 84 15
61 82 3
94 2 9
44 1 5
24 56 9
5 95 15
50 56 9
67 30 4
3 25 13
76 94 2
78 7 18
32 4 2
81 27 8
34 48 17
52 0 18
63 85 4
39 9 14
79 21 12
1 38 3
56 22 1
84 41 7
9 57 8
53 34 4
77 92 1
76 83 13
77 34 3
65 99 4
11 64 4
42 24 11
33 28 11
8 44 11
73 20 7
81 8 17
34 13 16
64 98 1
17 0 18
11 10 15
21 50 9
83 32 18
53 68 13
59 98 6
11 29 16
14 26 10
53 57 5
58 24 12
19 34 9
77 45 1
92 31 6
60 76 15
60 38 13
82 11 19
39 57 14
50 69 17
0 32 18
94 33 13
35 82 10
0 54 14
96 20 15
44 60 17
18 62 6
32 42 3
22 13 1
85 76 14
14 97 3
84 19 18
83 54 2
30 43 17
83 18 12
90 48 8
32 97 6
51 82 13
28 72 18
23 57 13
46 19 2
3 92 3
83 4 14
57 56 7
34 24 14
74 79 7
86 69 16
69 71 17
5 85 1
84 64 6
20 66 3
86 20 7
88 43 2
55 74 17
76 46 14
82 45 7
81 36 4
23 32 2
7 8 14
11 7 3
48 59 19
51 93 3
88 50 11
53 0 10
59 86 12
57 93 6
6 25 18
46 74 7
22 47 14
25 36 15
15 68 14
55 32 13
88 64 9
53 36 14
57 5 12
82 48 7
89 40 14
80 67 5
61 73 14
44 53 7
51 88 1
29 5 3
10 61 11
25 31 17
70 28 18
84 7 7
44 28 7
95 88 16
42 87 17
23 68 9
1 98 17
95 22 19
80 61 5
39 27 7
13 69 5
71 3 10
25 55 18
25 0 3
38 94 8
54 97 7
17 30 13
98 68 13
79 41 9
91 13 11
76 89 1
78 91 15
49 15 19
30 46 13
8 24 7
32 89 17
13 91 18
73 2 9
19 53 7
10 52 10
8 45 16
40 96 1
30 99 17
27 67 7
86 9 6
17 35 7
31 20 16
56 63 3
45 79 19
99 82 5
62 25 11
3 90 2
8 64 13
20 68 5
93 73 11
46 18 9
35 1 8
46 52 18
58 92 15
43 57 12
71 75 19
82 41 16
14 90 19
56 78 6
34 88 12
99 18 5
34 44 17
90 0 10
79 67 7
92 71 13
68 29 1
41 21 7
82 55 14
99 49 18
37 8 13
54 53 14
51 59 8
54 14 13
75 25 5
91 68 2
9 77 18
90 70 7
54 5 5
10 1 10
48 95 19
13 65 5
85 8 16
92 42 14
53 78 10
97 25 9
98 96 13
92 68 14
4 64 6
72 3 19
30 2 5
75 97 11
42 79 16
54 36 15
11 70 2
78 16 12
62 52 10
42 69 8
49 29 6
84 15 14
46 64 17
12 56 5
26 96 10
11 40 9
98 40 4
29 20 5
50 16 3
20 3 5
19 38 12
81 21 1
24 78 3
57 55 9
71 56 8
80 0 10
21 8 10
21 73 15
46 0 19
47 91 9
10 26 10
27 63 18
70 64 2
78 87 18
77 76 11
9 8 10
28 25 4
21 69 18
49 5 16
46 96 7
26 91 13
53 63 18
69 16 12
23 80 10
96 78 11
77 44 10
66 76 15
15 58 14
30 51 17
31 57 4
36 10 13
69 5 4
27 87 7
21 19 1
28 74 6
24 71 13
52 33 4
18 14 9
96 81 8
24 70 2
85 40 6
96 22 5
76 80 12
81 16 11
1 20 11
60 36 12
49 22 6
95 68 12
96 97 7
61 75 7
39 71 4
18 15 13
30 1 3
98 10 10
56 35 14
72 22 18
62 15 5
30 63 1
68 52 9
40 29 14
51 12 13
3 10 15
70 59 12
15 33 5
20 30 11
47 21 12
76 51 17
69 43 13
12 87 6
92 36 13
60 72 6
97 33 6
80 82 13
0 37 6
0 57 18
94 6 10
95 77 18
85 75 14
16 22 9
95 3 13
96 75 15
29 57 1
23 42 3
15 86 15
52 75 13
91 83 8
54 4 15
8 58 4
70 34 14
95 36 1
62 30 17
20 24 6
61 93 19
64 67 17
2 64 19
48 61 14
35 14 5
67 82 16
0 82 19
6 13 14
51 33 6
74 10 7
99 10 11
96 19 4
83 55 13
1 71 9
46 44 18
5 39 2
56 31 1
38 47 6
46 84 7
71 13 11
16 28 4
2 53 6
8 27 5
19 69 15
67 12 6
51 9 7
14 27 17
30 54 2
0 83 9
0 94 8
95 53 2
23 58 9
18 91 12
27 2 1
57 99 16
21 35 4
55 10 4
18 44 15
53 32 13
11 24 12
44 25 6
76 20 4
40 48 14
93 81 14
69 33 7
25 79 1
30 70 7
60 26 3
97 24 12
10 38 10
97 98 4
15 57 17
4 94 6
80 72 19
66 96 11
52 6 7
33 46 9
93 26 13
29 46 1
2 67 10
65 56 11
31 34 5
53 50 4
89 24 5
58 13 2
80 92 18
56 5 12
60 32 5
12 16 17
15 22 2
89 16 19
4 19 4
80 78 18
68 86 17
39 73 18
81 31 18
56 45 12
83 73 8
87 93 18
33 68 17
41 97 12
37 84 12
71 92 12
78 13 14
82 67 13
55 20 8
88 22 18
60 48 13
51 70 3
43 88 12
50 10 1
82 26 13
26 59 17
37 56 19
78 77 4
37 61 5
54 70 6
66 98 6
59 81 9
44 11 5
13 45 19
5 56 14
37 9 8
5 67 12
0 65 4
89 92 14
45 76 14
35 17 8
76 60 14
31 92 17
19 91 16
92 54 13
29 76 7
86 53 12
26 39 6
7 80 2
70 19 5
48 1 11
95 33 2
27 95 17
81 47 15
94 43 12
28 41 13
75 34 16
94 13 5
53 58 17
13 4 12
2 54 6
4 96 8
41 79 1
53 82 9
36 34 14
7 92 16
2 60 5
23 26 16
45 53 13
43 83 9
3 70 9
88 71 6
35 8 13
58 43 1
64 50 1
76 31 4
93 54 3
18 86 4
47 60 11
67 96 5
32 60 7
38 8 5
54 87 9
62 57 10
59 45 3
79 55 17
42 62 13
55 94 11
41 70 15
6 36 15
44 78 10
83 17 7
94 30 17
89 60 18
5 47 2
34 33 18
98 90 4
12 61 14
7 26 13
74 73 18
2 59 2
43 47 11
21 38 17
77 56 5
54 55 12
75 64 14
47 3 18
79 47 16
50 77 1
29 31 13
56 16 14
44 74 11
77 3 17
88 41 5
55 1 17
49 57 15
0 67 4
74 52 8
6 79 6
13 72 1
9 80 13
37 24 9
29 91 12
44 52 2
40 1 6
18 53 1
34 89 2
33 26 7
62 69 18
75 70 7
0 96 11
70 77 13
12 5 19
71 90 6
16 1 8
75 37 4
89 29 5
57 61 18
32 71 1
23 15 3
41 84 16
83 39 5
67 65 9
41 88 18
83 50 9
75 11 4
54 47 16
4 22 11
92 95 14
31 12 7
90 41 3
92 14 19
55 30 19
15 13 3
49 34 8
99 42 12
67 6 12
92 29 4
70 97 9
1 0 13
56 4 15
47 8 15
66 85 12
66 34 2
19 99 1
99 66 13
70 25 18
24 46 6
88 16 17
69 10 14
29 87 7
43 26 9
42 41 3
49 10 18
87 35 16
85 3 9
68 17 13
75 74 3
67 2 4
31 40 19
31 38 2
90 59 10
40 91 7
90 64 15
35 87 13
32 61 17
77 36 6
36 32 5
34 43 1
30 65 10
9 33 14
22 29 8
16 86 11
95 79 2
15 71 3
61 8 14
52 72 14
37 68 5
40 82 19
0 92 2
23 50 15
57 64 5
50 29 19
69 26 7
27 78 10
77 10 12
87 54 16
87 25 12
83 19 11
30 42 17
39 49 17
59 50 5
3 46 12
33 10 1
93 59 3
83 53 8
4 29 5
28 11 7
14 72 19
86 74 4
84 27 12
77 53 13
35 71 19
82 73 15
86 6 15
41 17 17
65 25 3
67 75 8
14 54 7
18 90 17
65 20 13
42 64 4
68 11 8
57 42 13
50 49 10
43 75 16
67 23 3
4 30 16
7 44 19
87 51 1
80 59 12
18 68 3
70 41 19
73 67 18
55 95 18
20 18 16
80 99 19
53 28 4
15 93 12
96 66 19
41 28 4
22 54 7
34 12 12
20 33 11
8 32 17
31 26 4
46 86 3
6 88 2
45 9 6
45 19 14
64 60 13
7 67 12
30 84 13
2 21 13
58 63 17
64 58 9
98 23 17
62 78 12
36 51 17
80 43 3
75 2 4
83 38 14
58 3 1
33 1 13
92 17 10
73 93 17
15 50 5
33 7 15
11 5 12
2 87 14
56 38 10
94 60 5
22 19 17
21 45 11
52 5 9
68 91 12
47 53 7
97 43 9
83 0 8
3 19 6
30 16 7
76 9 2
10 92 15
30 6 15
56 13 17
50 34 15
82 29 2
55 44 5
25 83 12
45 94 14
78 93 15
13 47 9
79 37 3
39 84 16
26 61 17
93 10 14
58 65 14
39 97 4
76 43 16
12 41 9
55 6 10
1 69 13
94 63 18
78 62 8
78 35 15
17 63 5
92 40 6
51 45 11
22 28 6
30 90 19
36 20 10
46 58 13
93 77 15
16 20 2
69 45 7
45 67 8
46 60 1
17 15 6
73 78 10
52 16 17
34 39 1
3 59 10
71 59 14
80 26 6
20 34 17
97 61 9
52 61 3
9 50 2
0 85 7
71 65 4
77 59 14
68 87 9
28 21 15
76 17 18
13 19 4
81 64 15
76 81 9
63 20 7
44 35 19
95 19 5
98 6 17
89 32 16
37 67 19
89 35 7
90 85 3
29 75 8
76 50 7
7 84 13
32 91 12
23 11 19
93 69 17
14 29 19
3 87 5
70 38 2
51 49 15
61 95 2
39 48 10
18 17 17
79 91 17
5 6 6
87 9 9
1 30 1
90 78 9
97 94 8
37 76 19
1 34 16
71 29 19
29 83 2
74 7 17
80 38 3
27 99 16
80 46 3
48 58 5
99 15 6
17 33 4
86 37 10
55 60 18
8 92 10
87 24 3
9 7 12
24 89 6
69 6 11
73 86 15
34 27 8
17 29 2
14 59 18
4 35 18
1 36 1
63 61 17
53 45 13
42 99 14
22 94 4
11 23 11
28 6 15
90 50 16
22 60 12
80 9 4
89 83 19
12 83 5
41 22 14
89 73 12
11 30 2
4 21 19
43 77 13
92 51 1
86 54 1
58 29 9
17 88 11
6 38 10
42 89 5
48 90 11
49 82 8
86 1 10
10 47 17
0 50 1
91 71 8
43 79 16
76 78 17
57 84 3
14 67 4
8 50 12
85 50 17
94 36 5
4 0 8
0 89 7
92 53 12
82 84 4
21 83 7
8 55 15
23 7 10
85 12 12
65 1 18
12 79 10
56 92 15
66 1 7
98 41 18
35 10 6
12 50 17
71 68 13
42 33 13
48 29 14
84 85 13
9 97 6
55 8 5
60 47 9
76 3 16
91 16 13
30 80 10
98 8 19
72 85 9
64 94 6
71 7 13
35 9 1
27 25 11
7 86 7
60 99 9
31 30 12
2 93 3
74 19 19
79 88 16
93 38 7
15 40 5
57 14 3
1 4 14
96 42 12
88 32 15
91 36 19
98 97 4
2 25 4
31 29 2
1 23 19
15 91 5
83 58 7
51 63 6
60 42 4
75 41 19
15 36 17
52 20 7
12 66 10
10 40 4
99 58 11
58 88 9
47 35 17
52 86 7
60 75 16
9 24 11
66 55 14
83 22 18
17 7 18
38 21 5
63 4 14
11 73 15
87 55 17
61 21 1
44 3 13
7 78 11
6 64 3
10 3 9
40 80 14
76 72 19
78 58 4
70 81 15
10 22 4
33 25 9
5 81 12
14 74 5
11 8 17
57 48 6
43 33 16
57 89 12
23 9 10
90 20 18
74 60 11
50 40 11
60 30 8
51 99 9
14 23 8
46 36 9
98 56 7
66 62 14
54 72 4
96 71 17
52 1 17
41 31 5
53 23 16
1 93 12
13 9 4
75 66 6
27 6 15
3 20 11
67 72 15
85 27 13
6 86 14
7 53 14
38 1 3
31 53 2
15 48 17
4 73 2
53 87 1
40 90 17
14 87 6
2 10 16
35 40 18
33 14 19
63 77 4
18 38 5
30 52 3
1 50 15
30 82 6
78 80 16
78 70 14
83 77 8
48 4 18
43 36 5
12 65 14
74 0 5
36 5 3
38 66 8
75 89 1
32 72 3
35 12 2
8 4 4
93 63 3
79 35 1
87 74 6
76 36 5
25 75 11
9 96 9
45 17 12
31 81 9
49 1 2
84 71 19
44 51 19
85 31 4
74 6 12
0 99 5
95 58 13
48 23 13
62 31 13
47 75 8
12 73 8
36 73 17
92 18 10
96 92 15
4 62 18
93 4 3
72 65 17
64 53 5
26 0 3
74 32 19
25 53 12
28 8 5
26 65 10
29 82 12
8 89 8
82 94 16
12 44 18
30 79 2
72 12 19
3 16 19
98 82 2
11 72 16
69 84 17
53 37 2
0 55 5
41 73 10
89 98 10
12 15 10
13 7 3
58 12 8
18 39 7
69 73 12
11 48 3
3 22 15
58 41 11
54 8 6
9 69 15
99 35 4
51 20 10
54 76 8
96 59 5
60 57 17
99 83 7
91 67 12
82 34 16
95 5 12
41 33 12
78 24 12
36 50 10
68 67 12
82 56 15
47 87 9
68 22 3
39 36 3
50 45 18
98 24 13
57 50 4
44 94 18
75 56 16
63 10 15
19 87 8
96 47 15
61 63 18
85 28 10
99 74 7
83 8 1
79 69 19
59 22 5
75 46 4
18 51 17
93 74 16
11 83 17
83 29 6
2 51 5
15 90 16
87 34 11
86 33 18
38 19 8
78 36 14
82 89 15
30 21 18
12 23 3
9 81 19
85 25 12
57 29 5
18 99 12
64 62 15
84 49 8
28 55 2
93 75 6
91 66 12
32 67 4
49 14 6
16 67 17
58 0 4
42 88 1
33 39 9
53 70 1
67 52 19
79 59 17
45 1 8
67 78 18
64 75 6
88 99 2
6 61 19
12 88 14
77 37 10
82 60 14
58 32 19
64 59 16
79 7 19
3 28 8
80 35 3
25 81 4
24 57 16
72 47 6
27 22 2
85 84 10
92 16 8
50 96 5
40 22 2
82 51 12
4 77 14
26 68 16
62 8 16
43 97 14
32 94 19
8 34 10
37 98 6
11 80 10
1 67 14
82 87 5
25 30 16
43 31 14
66 26 7
78 46 4
44 37 9
39 55 14
13 88 9
34 98 2
87 95 9
58 23 8
36 80 1
98 15 6
98 3 7
12 20 13
28 59 1
20 37 14
26 37 11
34 11 5
27 86 11
15 62 6
4 76 6
26 34 18
59 51 8
35 63 19
92 66 1
62 65 11
10 62 8
88 38 5
83 69 3
72 83 6
19 92 3
88 77 9
22 9 13
42 86 11
8 91 3
80 17 7
28 47 6
36 72 2
74 57 2
68 88 12
0 24 4
71 46 5
38 51 12
61 51 17
68 96 2
39 51 3
83 9 17
9 86 18
38 20 16
68 15 18
95 24 16
86 24 16
23 2 6
28 32 16
4 47 15
49 3 15
46 20 3
29 80 1
42 17 12
5 13 12
6 69 11
87 77 19
72 23 13
48 64 9
18 47 9
71 48 18
39 32 15
64 40 4
31 48 18
2 37 2
34 19 16
81 22 18
61 6 13
66 11 14
55 2 2
47 66 15
77 91 2
85 20 8
91 88 17
8 18 11
81 98 17
63 83 12
6 58 11
36 7 14
48 80 2
70 83 10
60 92 19
24 68 6
76 71 19
37 74 2
1 49 16
88 76 3
98 47 19
14 10 6
92 74 6
28 89 9
83 12 9
25 92 10
15 49 5
84 67 1
27 44 19
20 28 9
36 21 19
14 55 16
84 34 11
60 71 19
48 86 19
54 26 1
96 45 11
59 74 2
43 11 2
76 26 5
79 90 6
68 50 3
70 73 15
12 18 11
12 38 7
80 73 1
59 20 9
74 71 1
82 6 7
46 27 7
66 32 7
95 50 16
92 27 5
52 59 12
63 30 15
59 90 5
20 62 19
65 97 2
27 54 1
9 82 2
44 81 2
83 7 3
19 9 10
42 74 11
77 71 11
27 88 2
58 81 8
55 61 9
30 76 17
21 81 9
22 33 10
90 81 8
74 35 12
83 99 12
76 37 13
73 75 16
22 98 8
90 27 12
50 82 16
63 98 9
80 57 19
85 42 2
45 48 10
63 44 16
41 96 4
78 79 9
78 18 12
86 41 19
16 14 9
39 83 12
66 31 16
77 24 3
84 10 9
87 48 4
50 68 19
94 83 10
21 22 16
66 51 5
64 38 17
92 24 5
95 4 1
18 43 11
86 64 6
3 41 12
51 87 18
43 10 2
40 23 1
75 42 19
21 41 14
21 53 19
62 44 9
28 12 9
25 10 6
20 86 19
96 4 12
31 9 6
52 29 3
65 61 12
63 58 4
26 16 10
42 66 6
68 19 11
51 97 17
9 48 4
4 23 13
1 96 18
63 31 18
62 47 10
75 26 14
30 69 11
10 46 1
64 55 18
62 85 3
53 46 5
37 28 3
34 46 1
45 23 14
56 2 7
74 39 14
94 19 8
18 83 1
94 37 6
60 50 8
67 61 12
52 27 3
87 28 18
90 32 14
41 16 8
61 88 15
94 8 8
34 15 16
80 55 18
33 29 1
45 87 18
36 29 6
77 33 1
77 97 18
38 29 2
10 73 7
28 95 5
44 48 18
72 54 5
26 9 9
10 45 15
27 39 4
73 90 19
77 66 11
2 50 7
22 0 1
94 35 12
92 78 15
22 95 5
35 88 16
13 63 19
29 93 7
27 11 5
48 53 14
94 76 8
11 34 11
64 28 18
90 94 14
65 85 4
51 94 16
25 78 5
91 51 1
85 66 2
42 7 14
30 74 14
70 29 9
88 11 9
29 11 3
46 5 18
90 65 10
46 88 2
59 64 12
23 17 13
38 82 1
68 47 5
7 87 1
73 47 11
56 68 18
4 81 6
48 39 4
82 64 15
38 92 5
69 91 13
68 71 4
60 90 15
22 63 14
27 69 1
33 58 4
63 75 6
80 30 4
68 12 8
1 64 2
63 19 13
72 70 7
87 2 8
9 41 4
44 21 14
66 52 14
68 16 7
91 85 12
97 2 4
42 25 18
0 7 7
76 44 14
20 79 8
25 74 15
45 62 6
51 58 9
77 18 6
60 3 1
91 78 7
33 93 5
66 74 1
26 95 12
36 48 13
50 6 6
37 48 5
22 21 10
96 3 2
7 81 6
89 44 1
11 74 10
13 38 7
73 61 3
18 0 5
91 34 8
75 91 17
67 19 12
84 31 5
24 95 19
8 15 4
33 45 11
88 5 19
37 11 5
6 63 1
47 26 13
22 91 7
14 99 17
23 84 17
7 94 7
28 61 3
39 40 3
73 99 3
51 2 10
53 92 12
65 89 15
84 50 3
19 1 14
68 76 11
60 52 3
97 17 10
8 70 4
75 5 5
13 59 9
72 15 15
36 61 19
13 50 18
68 6 19
79 3 4
81 77 15
46 75 17
70 40 9
35 80 14
84 16 3
13 44 9
20 1 13
25 4 18
35 5 16
3 8 5
38 25 10
99 98 2
78 2 15
24 53 13
60 98 18
42 12 5
91 73 10
74 30 17
67 39 2
78 41 13
80 2 1
39 23 1
29 58 6
57 43 14
72 29 4
57 17 17
93 40 11
81 69 6
73 98 8
8 79 18
19 68 13
12 7 18
69 80 18
52 54 14
93 64 8
25 45 5
1 55 8
43 13 7
11 19 19
78 1 10
18 5 11
95 66 8
33 37 11
29 15 7
67 34 9
12 9 6
1 12 16
43 30 3
90 9 9
30 61 8
74 66 17
74 97 7
94 52 7
87 16 11
11 61 9
19 22 15
61 20 12
76 19 13
72 24 14
58 72 3
60 93 4
4 2 10
26 44 19
23 97 4
95 52 7
46 1 13
67 99 8
75 4 7
81 19 12
45 86 1
67 51 15
24 20 5
24 3 8
66 67 9
7 38 16
39 7 4
88 33 3
78 32 12
82 59 5
6 67 19
7 75 14
58 50 16
98 60 11
6 99 5
83 93 9
83 26 2
24 55 11
47 43 17
92 43 16
25 3 18
30 48 16
10 7 3
92 52 6
75 99 11
59 99 4
49 12 11
54 91 10
93 70 19
16 61 9
23 62 14
29 66 9
58 42 12
97 11 6
93 67 6
67 32 18
65 54 1
0 10 4
65 63 5
58 53 9
87 91 14
78 97 11
62 19 13
94 99 6
54 83 15
63 55 10
68 64 10
57 7 11
59 41 17
22 81 9
18 23 13
34 1 9
85 69 13
50 75 10
54 96 8
84 26 13
39 44 14
56 55 11
90 40 15
81 93 18
68 1 14
73 24 4
66 46 4
23 47 4
42 48 9
56 76 16
2 49 3
24 44 5
35 60 7
68 85 19
14 94 9
71 76 4
91 44 19
9 16 19
90 87 1
65 73 16
4 89 6
79 2 10
90 8 4
78 90 13
42 94 7
5 57 3
81 25 1
64 99 6
47 94 7
17 42 11
6 65 17
77 11 5
97 54 11
26 73 14
8 74 6
27 13 8
77 73 14
74 11 14
32 34 15
33 77 4
53 83 1
50 71 16
40 0 12
35 53 17
30 33 16
46 25 11
86 89 2
77 14 4
53 16 11
51 4 7
89 10 2
57 53 3
5 52 13
33 40 2
29 65 18
95 70 14
98 88 19
2 63 1
35 13 19
81 92 7
20 38 8
39 61 6
81 79 14
52 22 14
96 9 11
17 46 15
23 77 1
30 85 9
43 34 7
76 6 15
26 31 6
56 23 8
86 21 15
58 68 17
6 43 14
82 69 12
74 81 3
12 53 10
68 3 6
33 16 7
13 68 13
11 68 15
75 92 4
47 89 19
66 6 11
60 37 19
18 70 2
9 88 18
84 4 1
41 46 2
10 79 13
61 96 5
73 52 12
0 66 2
88 62 16
77 89 3
2 75 8
59 97 12
16 29 16
60 41 13
25 40 12
21 94 10
11 86 16
39 10 13
4 70 4
64 66 13
88 61 5
24 61 10
2 89 17
99 85 4
18 77 8
9 37 16
78 43 9
96 73 15
46 81 10
75 93 1
41 75 15
81 85 10
40 93 3
11 45 18
19 40 7
4 61 13
17 65 3
25 5 15
15 60 3
58 52 6
83 44 9
46 33 17
51 7 8
71 33 13
87 10 12
19 65 11
43 19 13
22 38 3
43 98 15
8 7 18
76 79 2
97 55 17
34 3 8
65 76 13
21 31 4
62 74 7
89 69 10
17 53 19
28 78 19
98 22 1
39 99 9
4 20 12
13 31 10
24 27 11
90 18 3
31 77 8
2 40 13
50 51 15
45 64 12
51 79 2
72 34 2
42 58 13
98 18 16
66 80 19
45 84 5
83 49 10
77 1 2
50 1 6
4 98 8
72 7 17
16 50 3
75 48 2
88 47 5
34 4 5
97 41 9
51 85 13
41 91 17
29 79 7
3 38 8
60 33 6
81 48 6
7 15 13
29 61 16
62 98 19
17 26 4
68 95 2
89 1 13
93 96 12
29 94 7
78 33 15
48 21 9
98 42 1
71 24 3
7 19 17
74 87 4
26 64 13
78 9 9
5 4 17
5 30 2
78 60 2
59 8 8
4 11 15
74 23 9
79 34 15
94 4 14
4 9 14
59 0 17
81 59 7
30 47 1
94 27 3
74 62 15
21 43 1
93 71 1
29 4 9
61 0 2
54 52 4
55 57 14
16 2 3
40 79 5
27 81 6
35 62 6
95 72 2
12 8 12
7 85 18
60 83 14
56 42 1
15 81 13
30 68 17
15 54 1
83 28 14
15 32 7
15 10 17
14 82 16
12 72 17
68 93 14
94 55 2
75 77 13
79 0 9
78 11 4
89 36 7
94 11 7
85 90 18
48 73 11
4 45 18
41 0 6
95 96 8
38 34 11
11 43 1
15 65 2
90 63 6
44 93 4
23 51 18
74 37 10
24 60 10
85 37 17
7 58 19
13 94 10
78 69 15
47 5 5
38 11 12
79 40 4
44 67 8
73 55 11
70 3 4
55 41 15
28 26 14
25 90 12
90 4 14
12 68 18
17 11 1
28 90 11
7 29 11
22 32 19
24 37 18
76 49 7
55 9 18
69 20 6
48 51 5
75 35 17
16 91 4
77 15 1
92 87 2
57 51 8
72 40 11
57 25 2
65 86 11
6 0 7
31 51 5
13 22 18
16 15 15
31 19 16
43 25 5
20 15 7
0 78 19
11 62 13
97 40 6
77 17 19
24 9 5
62 99 19
97 0 17
23 66 14
33 18 14
65 95 1
86 78 7
98 12 5
11 91 17
68 65 8
87 96 19
60 7 14
88 84 5
36 40 15
40 94 18
8 46 8
75 58 2
12 58 2
59 82 3
93 60 6
52 76 12
45 39 14
56 51 4
49 45 13
98 67 17
52 21 3
58 25 8
10 65 6
64 21 18
9 54 15
48 27 10
29 77 8
62 12 6
26 4 15
19 81 18
65 18 19
91 84 8
86 88 6
51 25 17
12 39 14
71 18 13
77 82 11
40 2 19
80 12 8
97 21 17
41 55 13
5 16 4
82 13 2
29 40 2
10 44 6
92 5 14
47 62 2
20 44 11
19 98 4
50 60 16
74 9 15
81 66 8
3 39 16
69 39 15
99 80 13
47 11 17
81 70 7
48 72 19
92 7 14
55 87 16
98 16 9
76 66 16
78 45 1
19 80 14
34 57 17
76 5 12
87 63 3
11 55 13
85 49 13
14 96 1
35 83 11
6 1 9
82 0 1
90 34 3
57 23 5
63 34 9
63 72 14
85 26 6
0 6 19
60 45 1
60 11 19
39 31 3
89 53 17
0 60 13
21 90 16
14 9 5
57 72 11
43 84 9
39 38 7
1 32 15
9 92 2
13 2 3
20 89 6
95 60 4
28 99 16
64 74 17
5 10 3
40 26 8
15 31 18
55 11 18
3 42 5
92 13 14
7 48 8
88 96 2
25 87 8
88 93 13
97 18 17
93 24 11
86 45 6
94 10 12
92 67 16
37 63 8
19 5 6
20 91 9
14 47 2
27 38 10
76 10 2
70 46 17
13 97 8
5 73 16
40 35 17
90 93 17
94 50 19
89 72 4
18 54 17
50 46 17
97 22 19
1 14 4
85 18 11
53 95 16
16 51 9
94 73 4
14 34 8
91 55 17
15 51 2
40 49 9
20 73 2
19 10 2
93 23 10
44 22 5
37 45 1
27 64 6
55 85 8
51 14 16
6 44 10
2 30 12
85 2 5
66 72 19
92 3 14
72 49 11
5 54 1
3 30 3
44 47 1
67 60 17
76 14 19
26 14 7
7 95 7
41 89 3
14 44 13
61 98 15
88 35 3
83 5 13
3 66 16
61 74 19
42 83 4
14 21 4
77 8 18
16 69 8
99 26 3
83 62 10
70 37 13
4 27 3
25 12 13
52 50 10
83 31 11
84 47 5
9 79 19
65 77 19
17 47 8
8 82 13
41 81 14
42 57 11
80 97 1
56 49 4
16 6 1
15 2 19
82 88 2
4 39 5
6 52 14
38 36 7
26 71 2
12 17 18
36 52 17
11 14 16
24 26 5
20 25 12
6 33 4
9 58 19
21 82 10
30 59 4
10 93 7
36 58 15
37 99 17
42 81 19
93 50 9
88 51 9
0 81 14
38 37 7
60 31 11
19 39 18
94 31 15
93 27 18
84 98 11
92 79 13
0 56 2
1 29 12
40 61 4
24 96 18
72 43 7
51 80 10
44 58 3
86 52 16
33 48 15
58 51 7
79 53 15
37 51 14
28 93 8
25 93 7
42 0 9
93 56 16
92 46 15
99 23 17
41 43 6
5 8 16
47 85 10
59 46 6
0 46 13
47 41 16
91 33 3
60 54 2
96 54 12
85 35 5
68 13 7
29 8 1
92 88 18
48 24 6
40 7 14
58 86 13
12 55 19
39 13 1
69 13 15
85 41 7
17 32 3
68 27 12
90 14 9
41 67 6
81 83 16
86 76 7
93 62 15
19 3 2
0 98 1
89 48 11
98 84 6
86 67 6
8 61 16
69 82 18
71 94 11
40 54 4
73 68 11
6 73 11
63 35 13
13 29 10
48 92 4
48 31 11
83 10 5
72 14 8
79 65 6
2 41 13
87 50 6
33 51 17
24 51 8
52 9 2
72 26 10
57 19 5
41 82 13
57 98 8
68 36 12
45 32 7
88 85 8
7 43 16
80 19 6
47 54 16
8 51 7
13 1 9
54 49 14
32 45 9
19 30 4
32 78 5
15 74 1
76 28 19
60 19 5
15 1 4
67 42 7
67 93 4
84 17 14
78 57 10
20 95 11
7 64 19
89 62 14
0 17 8
36 69 3
69 3 14
33 95 3
21 52 10
28 50 4
17 77 17
62 77 2
19 78 11
14 56 7
14 80 15
64 57 18
58 54 17
94 78 17
25 24 13
11 12 8
36 65 9
4 32 8
62 68 9
54 58 9
82 36 11
10 54 4
89 71 13
51 34 18
84 72 3
33 49 10
80 91 12
55 7 5
74 14 9
55 62 16
73 89 10
87 42 11
38 73 18
83 16 14
79 95 5
44 6 15
1 3 14
48 84 12
65 51 9
5 2 18
33 64 1
0 63 3
32 49 12
56 11 15
89 95 16
62 10 4
89 66 14
70 67 7
67 92 11
79 13 19
81 13 16
14 51 12
68 39 12
50 15 3
8 60 19
57 4 6
37 16 12
49 61 15
47 92 15
22 80 16
34 45 1
82 57 19
63 32 5
84 95 6
97 47 4
91 7 3
67 1 2
13 84 11
86 8 9
42 51 14
8 67 9
69 67 18
22 76 7
83 52 6
21 7 19
85 6 18
31 97 19
63 53 15
97 38 3
95 2 9
73 95 4
15 39 18
5 49 9
60 8 6
47 22 19
88 98 2
32 10 10
70 26 18
33 91 17
75 98 6
40 18 11
8 62 1
31 24 19
78 82 13
42 2 7
56 30 14
46 82 19
98 78 17
28 82 15
88 18 15
73 13 10
80 20 5
8 0 15
60 55 16
28 46 14
42 18 2
37 92 13
4 28 4
12 47 3
61 3 2
67 16 18
88 56 3
38 81 4
58 26 7
50 59 16
61 11 11
1 13 1
54 84 17
75 50 16
92 60 11
36 79 19
38 69 14
94 24 10
32 50 16
94 28 16
74 78 3
16 65 16
8 71 16
63 64 14
86 29 18
19 77 6
30 98 9
12 34 17
7 17 8
10 6 4
41 58 6
22 17 2
70 7 14
53 3 4
17 31 18
85 61 15
39 62 14
7 74 9
39 77 4
91 72 15
24 17 2
97 87 1
32 85 2
65 30 18
56 20 2
41 12 19
71 20 15
38 7 9
92 15 2
9 70 8
27 26 9
51 67 19
4 83 9
87 38 12
37 47 13
45 59 17
45 73 7
91 98 7
30 92 4
74 96 12
5 20 12
62 33 2
48 22 18
5 11 12
32 27 12
54 43 7
10 97 11
46 41 16
53 99 1
97 72 18
22 77 2
55 26 18
61 41 11
47 97 7
86 48 1
16 5 14
32 24 10
32 68 13
82 3 9
46 11 3
37 71 5
27 72 15
10 21 3
75 7 18
88 87 3
80 66 6
22 31 17
37 33 19
4 41 14
47 32 18
41 62 14
75 22 6
44 86 16
99 84 12
20 90 16
97 75 3
55 14 16
51 47 19
77 4 16
81 35 10
79 38 11
46 99 15
22 8 17
49 19 9
11 63 7
62 59 3
95 44 11
71 60 14
48 94 19
31 18 6
14 38 3
71 8 2
14 92 14
72 56 8
33 43 8
22 15 5
89 84 1
14 31 17
21 26 1
7 11 12
33 20 11
49 76 17
17 2 17
16 64 1
10 98 16
48 3 15
47 28 11
33 21 13
84 45 8
58 83 11
13 98 2
13 42 14
10 80 8
21 29 19
38 67 17
47 52 10
91 65 14
94 20 12
63 56 16
92 39 6
52 46 14
28 5 10
91 47 9
77 38 7
66 57 10
2 19 16
42 40 11
44 16 5
39 56 15
76 75 16
65 6 5
63 37 5
34 81 1
87 59 15
59 78 14
1 88 1
45 65 6
0 15 9
82 16 12
80 22 13
59 44 17
27 75 18
84 13 13
4 50 8
27 96 14
21 34 17
6 75 3
62 54 6
7 21 1
16 12 18
55 93 1
74 85 19
46 24 1
36 43 3
53 49 1
40 56 15
98 28 2
19 55 16
93 58 14
40 73 14
96 64 10
46 8 17
50 33 4
93 68 7
67 90 14
35 61 15
46 26 18
10 94 11
10 27 7
43 15 16
28 18 18
83 84 6
29 96 9
87 66 19
93 41 16
37 73 7
62 9 9
94 15 2
55 89 17
43 56 6
8 35 1
43 29 17
65 48 12
30 29 2
99 27 12
69 15 12
29 38 12
41 5 1
65 90 4
58 87 2
28 83 19
39 80 17
30 57 1
16 71 1
96 29 1
0 69 5
89 27 3
72 95 5
48 54 19
60 62 13
13 77 16
97 80 6
13 95 15
4 17 1
4 24 18
40 5 7
26 89 8
1 35 3
62 92 12
54 11 13
45 18 6
12 6 18
61 91 9
70 78 4
86 7 4
54 74 13
59 19 18
93 33 10
99 34 2
70 90 11
97 88 3
96 86 2
63 89 13
97 5 10
12 14 12
62 4 18
43 44 19
22 4 16
66 99 1
68 40 13
6 35 17
17 71 17
34 67 14
76 33 7
43 68 10
12 62 11
87 47 1
65 79 7
32 65 2
30 50 19
48 5 4
4 37 5
53 60 13
23 82 12
68 80 2
82 72 19
40 52 1
46 17 2
96 10 2
70 80 18
88 7 12
7 54 12
49 30 2
2 94 9
30 67 18
50 76 12
71 67 14
19 96 17
83 68 18
33 83 14
48 20 3
66 63 7
68 51 4
12 90 16
54 25 11
36 6 5
34 29 8
9 47 17
12 19 9
73 53 9
61 79 16
31 68 16
57 78 5
24 7 14
83 30 12
26 22 1
74 24 1
42 36 15
94 42 14
92 8 7
96 17 4
88 10 15
52 99 6
26 72 7
61 47 7
74 29 8
19 51 17
8 3 13
82 37 17
76 45 10
91 94 9
1 8 19
29 50 7
49 8 7
96 44 7
93 34 8
51 19 8
48 96 9
93 42 11
25 61 6
94 53 18
8 14 10
85 22 17
82 74 17
93 22 15
91 37 2
95 94 9
41 8 11
18 3 18
44 20 4
77 23 18
36 41 5
38 87 7
88 24 16
38 91 13
73 23 5
61 76 9
52 73 1
34 47 10
9 71 9
50 88 13
39 53 4
43 80 17
43 5 2
99 8 19
24 98 1
12 60 2
53 7 1
54 12 16
11 37 10
98 64 1
46 12 6
1 74 13
43 85 10
91 20 8
18 57 13
83 24 1
67 85 3
53 29 4
81 28 10
91 74 16
79 89 9
39 25 14
12 99 11
92 19 11
45 57 10
38 58 12
44 17 10
16 87 3
19 15 15
41 92 18
16 23 12
77 31 11
17 36 3
37 70 8
46 28 8
1 16 12
57 39 4
23 31 1
88 52 6
53 9 17
57 67 8
94 88 13
27 91 5
56 50 4
97 71 8
96 88 1
9 68 19
64 85 5
65 22 16
56 21 1
17 82 11
5 92 2
50 80 16
2 45 6
24 2 3
23 10 18
24 42 11
35 11 15
63 23 3
29 9 18
53 64 4
41 25 1
41 27 19
48 71 12
51 89 1
37 60 2
70 88 10
70 56 1
32 29 17
15 16 10
20 53 6
96 52 17
18 84 2
78 50 11
62 79 17
58 69 11
52 34 12
47 64 19
11 0 1
65 60 11
30 97 9
74 56 5
74 47 4
19 76 14
82 77 6
44 26 15
96 58 16
73 1 5
21 6 11
86 22 7
18 97 18
96 80 13
41 85 16
53 38 2
3 49 14
94 44 6
20 97 12
17 8 15
54 2 14
9 25 1
86 2 2
72 79 7
42 38 16
57 20 14
88 90 5
78 52 11
15 69 6
34 17 8
45 68 3
80 27 18
63 2 3
69 23 3
35 66 3
55 15 7
64 22 19
69 85 10
47 44 16
50 17 3
19 50 13
21 40 12
26 23 16
20 4 16
92 35 8
16 10 18
26 76 15
31 8 9
93 12 4
38 39 15
35 93 12
96 62 6
26 80 5
6 83 18
52 90 6
5 78 6
78 89 5
18 58 16
89 20 4
64 37 16
90 84 17
19 21 19
97 79 13
7 90 17
64 56 6
54 29 6
44 59 15
76 56 11
67 33 18
32 69 1
74 99 6
26 54 12
34 31 17
12 51 2
59 89 10
54 34 14
53 65 12
84 21 9
41 90 1
31 76 13
14 63 5
27 71 6
76 23 15
86 71 1
43 74 12
14 76 19
87 68 12
5 18 13
62 43 12
60 96 3
51 1 1
25 38 3
71 39 16
74 92 17
91 77 6
15 63 13
59 76 14
89 43 11
99 33 1
84 78 12
98 27 2
61 27 19
33 97 11
85 47 18
52 48 4
84 59 17
39 35 4
11 65 3
95 84 3
54 63 18
1 9 19
11 35 3
44 73 10
36 76 4
70 69 10
64 29 12
72 90 1
15 25 9
40 38 5
81 26 3
96 87 16
33 65 14
44 98 6
26 38 8
57 71 15
58 22 17
44 54 18
56 84 19
97 96 9
53 74 17
20 41 13
21 88 1
55 58 5
10 75 8
3 54 14
70 85 14
30 77 8
98 25 4
65 32 8
68 55 3
21 27 19
59 48 18
92 44 15
17 58 16
44 96 4
43 70 18
71 43 19
94 0 6
59 71 7
15 82 5
20 2 18
37 7 17
5 63 17
55 46 1
91 76 8
32 86 11
78 12 8
64 72 5
7 61 6
9 35 15
4 36 6
91 42 17
24 99 15
97 89 7
45 99 14
58 80 7
24 15 9
94 45 7
58 1 14
88 44 1
21 79 3
91 56 2
83 40 17
15 73 7
29 88 14
21 37 7
22 14 8
19 16 18
98 5 10
63 17 6
90 99 4
57 46 5
79 8 19
33 31 7
45 0 7
66 8 7
38 95 2
55 84 18
35 20 16
3 57 8
61 87 13
5 66 15
46 79 6
11 9 17
25 62 1
33 73 2
7 82 12
12 43 1
54 66 14
27 82 16
52 42 16
86 75 19
2 96 17
92 69 4
81 20 6
56 95 3
46 6 5
66 20 5
14 6 16
75 31 10
88 39 9
7 39 9
99 11 12
28 10 16
93 55 11
36 27 13
55 77 4
86 4 16
78 94 2
73 46 12
33 86 19
5 38 19
43 49 4
61 24 16
93 86 17
88 23 15
92 82 15
95 47 2
74 3 9
98 66 9
56 10 3
22 45 6
90 88 18
57 21 6
38 16 17
45 69 2
6 30 3
18 12 18
40 74 2
0 11 15
97 29 9
85 56 2
65 41 12
73 38 16
24 54 16
4 88 7
9 89 6
5 80 4
71 74 15
6 96 11
62 58 7
44 7 2
40 6 16
67 54 16
57 31 1
64 49 13
41 53 4
47 15 3
27 52 4
61 77 6
16 40 15
1 99 12
81 58 2
95 55 15
7 49 19
21 2 13
2 39 9
16 9 12
0 29 15
65 93 16
94 82 19
22 43 5
15 29 8
94 85 18
81 73 18
92 73 11
16 44 15
37 17 17
32 40 17
25 41 6
87 39 18
71 17 12
80 40 1
62 63 19
3 84 17
11 18 10
49 54 16
33 76 5
54 56 16
43 12 8
15 0 1
95 37 3
4 42 13
46 67 5
8 54 6
29 59 3
52 39 7
95 59 1
22 84 12
41 57 3
76 69 19
86 35 19
83 14 9
6 28 8
43 65 4
30 8 11
41 50 16
16 41 16
95 54 12
55 65 4
53 76 8
87 29 14
54 82 19
96 99 3
83 57 6
98 76 18
36 55 6
64 70 4
19 7 19
29 56 12
58 16 2
79 51 18
0 30 15
71 79 14
18 94 3
8 42 13
6 7 5
59 54 8
11 53 3
41 6 17
45 74 18
53 8 3
17 89 8
16 98 3
18 85 19
63 9 19
28 39 18
57 24 9
58 82 18
72 64 15
24 38 6
95 98 14
21 59 7
86 90 3
69 89 6
4 56 2
56 44 9
15 12 13
56 7 13
74 33 12
59 33 12
50 0 4
49 83 3
35 32 3
68 60 3
79 42 4
39 2 12
62 16 4
95 76 16
92 47 16
50 22 2
41 29 18
95 35 11
39 81 17
79 31 18
87 82 18
19 84 2
19 45 13
76 73 15
20 7 2
98 71 15
41 26 11
46 31 17
66 78 18
81 12 19
70 54 14
72 44 18
12 3 11
18 24 12
23 60 18
70 57 10
31 84 15
27 35 17
97 4 6
42 67 19
40 86 4
63 39 16
85 17 15
64 10 17
45 5 2
89 68 9
3 74 16
19 54 3
20 17 6
98 48 13
45 42 4
52 67 6
38 31 10
42 45 13
26 82 12
90 77 8
50 13 16
54 33 10
9 39 18
6 3 7
89 7 6
12 33 4
3 50 5
45 91 10
58 17 3
66 14 13
30 81 15
51 24 5
65 42 8
43 0 8
32 13 1
60 17 17
16 49 10
95 92 4
28 13 13
5 24 6
22 37 12
76 63 3
6 78 8
22 69 3
1 60 18
5 61 3
94 38 5
6 66 14
31 64 7
87 5 14
46 55 14
3 95 17
70 18 6
99 94 10
28 57 5
20 51 18
7 47 7
45 37 14
0 23 7
15 97 6
14 25 6
35 37 8
94 65 9
90 74 18
44 92 5
88 58 19
80 3 7
82 52 11
57 15 17
44 4 16
36 74 14
85 46 15
73 37 3
6 81 11
76 32 8
72 66 19
16 88 12
58 56 4
33 8 13
94 68 5
35 74 2
6 4 2
36 98 5
10 83 15
53 41 18
11 97 3
91 57 7
91 22 9
43 52 12
64 16 16
38 68 7
17 27 2
49 4 18
79 33 5
73 36 13
20 39 18
93 32 4
43 4 6
65 13 16
37 81 10
3 51 7
3 68 17
25 46 12
3 26 16
66 90 3
72 89 14
2 0 3
85 58 1
89 13 19
56 89 9
44 5 17
1 6 17
71 85 4
18 76 14
92 11 12
77 50 13
22 5 3
75 71 2
29 17 7
82 58 17
89 78 19
54 79 12
91 49 9
89 33 16
34 22 8
40 89 13
21 92 18
5 31 3
30 71 3
11 98 1
41 72 6
88 21 2
37 42 2
50 79 17
37 91 15
72 93 11
15 47 14
53 67 9
33 66 9
96 95 5
30 96 8
37 2 10
19 23 3
42 82 6
8 96 12
76 7 3
20 98 15
45 58 12
10 41 10
20 63 16
96 0 1
40 20 11
67 27 17
51 61 11
39 86 12
80 65 17
18 49 17
73 18 1
94 12 8
87 7 6
64 95 5
78 27 15
1 65 12
35 25 8
22 88 19
34 93 17
22 46 3
29 18 6
99 36 16
84 35 7
58 76 18
87 41 10
80 31 17
95 81 7
3 97 9
64 27 14
61 94 18
18 63 14
23 34 13
54 65 2
49 37 3
30 3 9
24 36 19
65 80 1
56 99 9
3 14 3
52 28 11
68 54 15
35 59 6
96 32 3
63 67 1
32 98 16
31 14 12
23 18 6
94 79 11
6 12 7
26 10 15
84 46 9
60 5 9
25 27 17
22 65 18
76 70 12
39 78 10
21 4 2
24 67 9
36 31 18
67 63 8
43 99 10
81 30 10
13 66 12
72 31 7
10 50 1
38 6 13
87 6 15
68 61 5
14 71 18
3 73 3
90 37 14
24 35 14
38 84 16
40 34 3
4 59 10
20 54 3
67 76 17
31 90 7
62 83 2
29 1 12
11 87 17
79 76 15
21 48 14
64 32 9
39 93 1
28 98 9
90 12 11
50 99 14
24 16 2
11 76 7
21 98 12
31 96 12
79 74 6
0 39 1
44 15 7
62 2 2
64 11 8
99 77 1
93 3 10
51 81 13
16 8 19
73 54 1
21 62 15
21 86 3
33 15 12
12 22 11
97 66 19
40 45 11
53 98 4
97 10 19
71 32 12
0 35 2
38 4 5
79 17 10
56 29 9
77 96 15
55 76 9
17 79 5
84 69 6
38 3 1
4 49 17
69 30 16
20 52 2
8 12 13
0 61 9
50 23 14
50 41 11
95 45 11
95 74 13
66 39 19
97 91 14
55 33 17
82 30 7
99 21 11
77 86 3
68 63 6
81 86 18
90 29 16
92 6 4
87 30 6
15 78 3
48 15 2
96 40 1
26 5 19
49 17 13
30 18 4
61 12 8
5 23 7
33 17 16
1 47 17
8 16 11
89 80 17
77 47 5
90 75 11
66 65 3
61 85 16
78 54 7
82 15 17
24 73 9
89 88 15
9 46 1
3 29 3
84 38 10
65 70 8
88 59 12
49 47 2
15 46 1
23 27 12
21 12 12
32 0 14
14 32 14
31 98 8
1 82 10
39 11 5
57 97 4
7 25 17
92 61 5
74 63 2
51 60 15
1 70 6
57 77 10
67 81 2
62 61 10
63 84 15
12 30 5
65 52 12
13 80 4
63 3 8
68 35 13
13 26 7
11 2 8
83 46 14
51 28 12
17 5 18
27 30 3
8 30 9
61 4 1
15 9 13
1 76 5
73 91 10
87 45 12
13 92 7
52 63 9
73 64 15
61 25 7
39 17 17
62 41 14
16 83 4
66 5 19
56 19 1
35 33 14
48 85 19
14 8 4
1 33 2
2 42 19
38 43 9
91 80 13
45 28 10
26 55 10
17 70 2
87 72 8
30 7 18
75 38 5
83 23 18
88 1 19
99 5 1
67 77 15
14 7 3
14 16 4
22 34 7
43 51 13
72 46 12
96 50 19
93 31 19
23 21 14
91 8 4
79 92 10
13 12 18
42 26 11
21 24 18
36 57 2
21 5 1
99 61 7
76 13 4
49 65 6
34 8 2
25 89 17
62 76 5
68 38 13
96 1 16
29 24 17
69 47 4
5 94 16
24 22 4
61 9 4
71 72 11
95 80 6
96 48 7
44 12 13
63 51 12
18 61 15
48 76 18
34 30 16
92 63 19
87 11 18
26 3 15
60 85 8
61 80 10
39 6 1
99 43 4
10 64 12
56 98 6
58 40 15
14 4 18
87 73 6
77 72 1
3 48 7
62 26 11
35 48 15
85 23 5
87 43 6
30 83 14
93 76 19
96 34 11
69 12 9
95 67 9
68 58 9
50 78 12
18 20 4
33 60 11
67 83 19
8 6 12
12 48 5
71 38 6
77 80 2
16 75 12
16 32 15
31 61 16
27 94 17
36 8 12
80 36 12
25 71 9
32 3 7
31 91 12
82 65 1
35 95 4
43 38 6
56 15 17
19 93 14
58 9 14
25 9 14
76 91 12
27 83 7
27 24 18
12 98 13
31 85 6
82 44 14
76 27 2
72 10 13
27 46 15
93 35 3
43 55 15
71 15 19
18 37 17
18 80 9
63 1 11
28 37 13
36 91 3
81 2 13
15 92 19
7 62 8
46 38 3
70 30 1
34 14 14
50 95 9
16 94 11
43 46 16
74 46 3
25 95 1
89 52 6
15 67 8
74 27 14
5 44 15
2 81 3
34 95 13
28 17 2
48 82 6
69 64 11
66 19 6
4 97 13
65 49 9
36 86 14
25 69 2
13 20 10
92 57 5
85 51 16
73 79 17
82 68 13
63 54 15
8 88 19
1 86 4
36 94 17
19 0 2
6 40 3
10 87 4
45 97 19
96 82 5
62 80 14
2 46 1
45 12 19
61 97 11
22 52 2
80 6 10
34 52 12
46 54 1
91 39 18
20 67 2
65 39 9
9 44 10
52 77 4
1 37 19
36 84 14
78 37 17
82 96 10
25 1 3
65 96 12
30 55 3
33 96 9
97 23 6
5 37 14
73 27 9
68 2 2
28 0 11
75 49 17
57 3 4
59 38 10
49 94 6
96 70 13
18 73 10
31 79 18
65 47 16
36 96 7
35 65 6
59 88 2
74 95 4
49 40 16
45 81 16
43 37 11
30 87 6
44 91 5
13 32 19
94 51 2
54 30 3
10 28 1
14 75 14
27 74 10
95 9 3
4 69 18
8 5 7
73 42 19
95 63 13
12 2 8
67 0 15
5 40 13
84 43 8
32 80 18
3 99 2
77 88 14
88 4 6
78 6 4
21 13 11
94 71 1
90 95 1
87 86 7
77 63 10
48 26 19
53 2 10
27 47 9
83 63 11
41 37 15
9 17 9
18 55 15
38 5 7
43 32 17
36 14 7
2 88 16
56 94 11
75 36 8
71 63 2
47 24 13
88 30 14
89 31 7
91 53 8
38 17 11
80 87 7
86 43 7
86 91 1
11 59 15
39 0 4
66 87 11
58 15 1
95 93 9
49 28 14
38 28 1
72 0 17
73 66 15
8 93 15
89 39 7
53 35 17
82 31 1
98 58 17
5 46 1
48 35 14
92 48 11
41 3 19
99 45 10
40 28 18
6 94 17
77 22 9
82 25 5
99 19 8
82 97 18
56 97 2
23 22 3
10 66 15
24 34 10
37 46 13
56 47 14
96 18 18
94 70 15
75 40 16
59 4 15
89 67 5
35 67 4
69 36 1
58 6 2
3 80 12
1 90 12
4 53 3
47 16 8
47 98 16
46 3 13
73 19 9
14 57 15
35 44 7
90 56 17
51 43 1
47 17 4
78 29 2
1 91 7
73 62 2
40 72 2
17 86 4
48 40 15
64 35 19
65 82 16
43 96 11
30 12 18
35 2 18
0 62 9
7 98 12
80 94 7
11 79 14
55 42 19
12 40 17
81 62 19
11 85 3
63 94 8
40 87 8
47 95 11
98 61 7
9 87 8
70 8 2
41 68 19
73 43 11
82 2 17
7 99 12
27 5 3
25 34 2
96 38 9
61 29 10
66 2 16
14 62 14
70 17 7
92 22 17
52 44 19
45 33 9
44 68 14
51 39 8
62 66 1
30 9 12
25 73 12
2 17 19
87 89 11
85 7 10
17 20 7
41 60 1
95 90 10
69 87 6
25 23 1
37 49 2
2 83 17
0 51 17
39 30 13
13 99 11
61 32 16
44 95 18
15 84 1
23 48 2
77 62 4
81 72 4
47 4 8
71 1 4
55 17 9
47 74 19
1 73 5
17 13 12
65 68 4
57 6 8
58 39 4
57 1 5
39 29 6
89 59 7
88 8 10
87 4 19
26 42 12
51 76 2
18 95 4
62 97 12
14 45 16
29 89 19
17 21 4
53 48 8
66 83 16
27 18 19
43 53 16
48 75 12
60 63 12
77 78 4
51 32 8
31 23 2
55 97 11
69 28 8
69 58 2
43 3 9
57 35 19
25 76 15
87 0 12
6 97 5
75 73 10
66 86 1
21 93 18
50 83 9
14 49 18
46 85 12
41 94 9
9 94 15
50 3 5
40 9 13
49 0 3
69 88 11
39 34 16
37 27 10
57 91 14
73 48 19
51 26 11
40 59 1
71 4 5
84 70 13
2 4 6
24 32 15
62 49 16
3 18 3
85 88 10
27 8 13
20 80 9
71 93 12
80 13 2
65 62 8
54 42 1
85 4 9
17 56 9
8 95 17
4 99 2
4 71 5
38 96 15
62 24 5
90 80 18
95 15 11
78 21 5
62 72 2
44 31 3
78 95 2
84 57 16
21 20 12
60 34 9
9 30 19
41 10 16
61 55 3
73 49 4
6 89 15
44 56 1
24 48 9
80 85 10
69 95 17
14 46 2
61 90 6
40 3 15
98 63 2
68 42 1
1 22 5
87 71 9
63 97 19
67 8 12
81 3 2
29 74 16
82 75 12
19 31 17
63 69 8
86 46 7
27 42 7
9 61 7
47 78 10
82 54 16
58 85 13
83 27 11
46 63 14
16 96 16
89 23 1
38 76 6
77 16 4
68 82 12
59 1 7
26 43 1
9 52 11
13 34 11
20 55 7
72 67 13
15 79 11
94 98 3
12 35 17
4 25 4
26 53 15
33 3 2
43 54 8
96 72 12
2 35 11
57 0 2
66 3 10
72 75 3
25 32 16
70 72 1
51 52 6
34 54 3
0 19 10
66 38 7
7 42 6
17 75 18
13 83 10
34 7 16
1 44 4
57 27 14
58 27 10
54 22 13
76 12 13
0 70 13
82 42 16
87 57 6
15 56 1
64 63 19
40 25 4
9 14 18
70 86 12
53 80 15
