100
0 1 5
1 5 9
5 6 13
6 9 7
9 11 8
11 12 14
12 14 14
14 17 12
17 22 19
22 23 2
23 29 13
29 31 9
31 32 10
32 35 12
35 36 19
36 39 14
39 40 1
40 43 18
43 50 13
50 53 7
53 56 16
56 57 6
57 60 3
60 61 12
61 62 14
62 64 6
64 66 7
66 67 2
67 68 13
68 69 11
69 71 2
71 73 6
73 74 19
74 76 9
76 77 15
77 78 9
78 81 3
81 83 6
83 84 16
84 87 17
87 88 17
88 89 15
89 92 18
92 94 2
94 96 5
96 99 18
0 1 5
1 5 9
5 6 13
6 9 7
9 11 8
11 12 14
12 14 14
14 17 12
17 22 19
22 23 2
23 29 13
29 31 9
31 32 10
32 35 12
35 36 19
36 39 14
39 40 1
40 43 18
43 50 13
50 53 7
53 56 16
56 57 6
57 60 3
60 61 12
61 62 14
62 64 6
64 66 7
66 67 2
67 68 13
68 69 11
69 71 2
71 73 6
73 74 19
74 76 9
76 77 15
77 78 9
78 81 3
81 83 6
83 84 16
84 87 17
87 88 17
88 89 15
89 92 18
92 94 2
94 96 5
96 99 18
98 81 6
27 67 19
60 38 18
87 40 7
79 5 17
15 62 16
96 12 7
26 33 2
90 87 16
34 36 5
11 60 11
65 61 18
43 65 18
1 24 1
28 70 16
78 31 5
97 33 13
79 55 18
93 94 10
16 59 17
6 48 16
41 98 14
91 23 11
48 71 5
97 64 4
92 65 6
4 48 14
75 47 9
62 6 7
51 37 14
89 67 17
3 87 19
10 36 18
85 22 7
53 72 7
12 83 8
64 67 9
15 73 6
14 37 18
1 49 17
43 11 15
4 98 2
89 23 10
17 51 6
88 42 8
27 66 12
99 24 10
98 55 5
76 52 9
62 47 19
69 73 4
69 22 12
7 37 10
61 63 12
53 71 9
28 20 14
33 50 12
25 48 3
79 81 19
7 85 12
76 21 11
43 67 4
9 1 11
41 3 4
47 50 18
54 53 14
30 32 1
18 89 6
8 97 9
1 23 8
90 25 12
74 12 9
8 92 12
25 60 7
22 59 17
41 86 16
37 10 1
21 35 3
72 90 10
52 10 11
11 44 9
10 96 12
89 81 12
39 7 6
44 2 19
2 58 7
94 9 14
68 8 4
83 17 19
7 82 10
28 32 1
94 15 12
52 22 14
32 47 5
82 60 2
53 65 11
91 79 10
25 51 9
48 15 3
54 29 10
19 36 19
92 46 5
84 46 2
87 12 13
36 9 1
29 26 14
44 87 1
25 35 2
50 86 10
7 55 4
26 39 3
46 95 8
45 36 9
44 17 9
45 58 5
69 11 14
45 38 11
31 45 7
12 17 14
75 89 9
86 3 13
90 6 15
77 21 16
11 59 18
22 39 4
94 47 19
6 92 8
23 88 2
49 18 11
78 26 8
61 81 8
20 63 3
35 1 12
28 9 17
70 5 18
94 71 16
74 54 12
30 60 12
22 83 13
60 28 13
34 75 11
24 9 6
28 41 14
61 89 2
33 87 5
83 7 11
92 22 8
84 47 9
45 81 15
43 70 4
52 32 5
20 37 6
23 97 3
23 4 9
7 14 13
83 56 16
94 72 3
3 63 2
16 73 18
84 91 13
98 59 4
53 47 9
10 4 8
88 0 8
76 65 17
14 33 9
24 72 9
12 85 2
33 46 19
2 88 3
48 57 4
0 53 14
41 45 1
62 46 16
34 8 15
28 74 10
91 85 16
18 27 7
70 95 15
19 28 17
26 21 17
68 98 5
49 67 8
56 24 10
0 48 18
74 68 5
90 82 14
15 5 16
19 89 16
3 71 2
75 16 2
3 6 1
56 73 12
54 22 9
25 34 16
39 49 12
75 59 4
87 98 12
47 28 15
20 49 1
46 30 3
78 50 8
1 77 2
61 18 5
65 23 7
12 11 17
71 60 3
11 24 4
82 99 14
65 38 17
83 51 3
26 11 4
54 6 4
46 36 15
82 74 10
35 42 8
63 9 19
61 56 13
30 73 12
98 51 10
1 21 7
79 30 17
68 86 10
86 44 13
5 38 14
79 39 15
13 35 7
20 28 7
85 14 12
86 70 17
60 50 17
38 37 3
0 52 14
24 58 14
50 9 9
86 45 4
70 20 3
86 1 10
32 46 7
50 79 1
30 31 16
69 1 3
73 17 11
28 7 6
79 72 6
78 86 14
75 60 3
89 37 3
94 77 13
88 95 19
27 45 3
14 16 12
84 45 12
8 30 19
47 23 14
2 25 10
8 31 17
55 2 15
17 81 6
39 50 9
42 90 18
91 97 5
68 22 3
45 7 11
26 19 14
55 89 13
47 68 11
74 64 3
68 1 3
27 40 3
48 66 6
82 58 2
24 84 6
63 42 18
58 53 3
96 70 13
27 42 9
55 29 7
22 89 18
89 94 14
13 78 10
71 64 15
13 94 7
1 7 11
9 97 8
10 31 2
99 18 5
95 18 3
12 7 16
98 18 8
51 50 11
98 26 3
74 85 17
38 36 1
97 44 8
92 50 15
20 97 11
0 74 19
58 55 2
96 15 17
29 40 2
81 0 4
0 83 18
69 5 1
50 20 9
20 75 8
92 93 10
18 33 12
53 25 11
0 68 6
98 29 19
58 17 13
47 8 7
85 93 8
24 30 19
54 21 1
85 65 2
8 83 9
72 86 16
14 36 17
18 50 7
52 25 11
21 43 10
83 93 14
39 44 8
43 93 1
6 46 14
89 86 6
49 76 3
71 88 13
3 83 6
78 9 10
88 35 3
55 34 16
43 14 15
86 73 15
42 37 3
8 0 12
46 62 1
46 65 19
49 38 4
2 26 16
54 28 10
98 47 4
20 11 15
93 90 12
7 44 9
81 27 18
57 80 1
66 46 2
96 28 1
25 98 13
54 31 14
59 56 18
61 87 6
83 80 9
66 53 15
18 23 17
25 49 19
97 88 7
17 34 8
62 93 13
80 59 6
66 45 19
34 26 4
4 74 9
36 82 8
99 25 10
91 11 8
29 20 16
92 68 2
54 17 18
94 38 10
93 19 6
28 76 18
65 43 12
2 27 6
88 18 11
38 18 12
83 90 6
3 57 13
56 82 9
22 91 8
9 79 5
77 9 14
95 57 17
65 86 3
43 44 2
85 4 14
70 31 7
33 86 7
66 96 8
51 64 8
44 25 2
52 76 9
10 19 6
53 42 1
80 52 6
50 82 2
69 63 11
37 80 13
53 81 12
99 3 15
96 84 17
86 75 15
71 76 13
90 59 10
93 37 13
96 86 4
93 5 16
93 12 1
72 65 7
59 75 13
34 56 13
33 13 3
58 87 15
0 67 3
95 37 13
81 57 2
40 46 15
44 93 11
19 57 15
70 27 9
39 34 1
8 48 3
31 93 7
16 30 17
63 73 7
94 83 4
98 86 7
42 94 7
55 37 14
19 69 19
67 4 15
55 47 6
86 6 17
76 55 4
35 96 8
83 54 19
64 50 4
26 14 7
55 66 4
82 56 5
59 45 3
49 58 12
71 10 12
9 52 2
31 9 3
0 50 10
54 49 15
75 2 12
47 5 16
26 52 9
56 90 19
52 73 6
50 65 19
54 12 16
7 41 3
77 8 7
89 25 18
36 52 11
27 64 18
56 14 5
78 94 14
87 85 5
36 84 7
44 6 18
42 19 13
84 64 15
93 88 8
68 29 12
59 8 5
10 26 15
8 87 6
99 63 4
34 93 13
57 99 12
37 72 4
34 52 10
24 93 1
64 16 17
9 29 6
89 42 3
51 97 13
38 97 9
26 32 1
40 84 10
25 92 15
96 7 1
84 13 16
14 43 10
69 98 13
88 70 14
78 18 16
52 42 5
29 50 7
49 45 18
75 11 16
52 99 6
33 66 19
22 87 9
88 94 11
93 56 7
24 59 2
34 13 13
23 73 6
68 19 9
88 72 3
17 4 8
40 9 4
35 97 13
11 39 4
13 96 18
53 8 10
74 43 9
21 13 13
70 57 17
58 16 14
61 88 3
74 26 11
46 51 14
49 82 17
98 53 19
63 81 2
1 91 12
64 9 3
89 83 3
59 83 11
33 56 14
42 12 19
79 1 15
33 43 17
42 24 11
59 47 16
85 55 4
51 24 1
66 68 16
71 55 13
18 2 5
18 1 3
30 26 10
48 23 3
80 41 2
75 94 11
28 61 1
35 75 18
71 49 15
77 31 14
36 69 12
46 48 8
39 70 16
19 86 16
10 67 12
45 4 2
43 63 18
36 77 3
54 36 6
69 13 7
26 5 4
8 85 7
81 62 1
51 17 16
83 50 12
31 59 18
6 13 19
29 0 11
75 70 15
74 79 9
27 43 13
1 97 4
64 12 14
11 51 7
66 32 5
35 15 9
5 71 9
45 93 4
51 53 3
58 99 7
32 69 8
98 72 10
29 30 11
0 22 9
65 6 16
35 39 15
52 65 5
4 29 12
18 91 17
68 85 3
92 72 4
16 4 12
26 67 17
86 2 12
53 54 3
6 12 12
18 36 8
13 55 18
67 19 11
90 33 3
69 44 13
69 38 17
89 11 12
91 34 16
41 37 17
96 80 12
44 53 9
42 64 4
21 31 8
22 3 8
67 16 8
90 63 10
72 96 14
58 52 3
9 38 3
92 91 13
98 87 12
42 49 5
47 26 6
69 85 14
96 18 1
18 85 13
16 28 9
17 59 14
96 59 19
68 52 6
30 99 10
43 51 6
76 48 4
14 21 4
99 72 15
73 35 6
92 74 6
63 37 17
4 35 4
68 57 18
69 66 11
45 41 13
20 78 5
35 54 6
55 48 17
16 56 3
45 54 13
34 83 10
14 48 3
48 88 6
14 61 11
68 62 4
29 86 18
74 82 17
80 24 6
67 9 16
28 84 15
57 85 15
3 20 16
8 81 11
81 82 17
60 64 3
61 41 12
81 50 6
96 4 3
72 0 18
68 17 8
77 83 4
84 82 6
33 99 6
47 98 10
48 80 5
19 75 8
82 84 14
7 50 11
46 94 7
4 8 19
47 80 6
93 13 11
56 65 13
10 7 10
89 15 13
59 12 15
11 8 18
98 14 8
92 25 15
45 50 16
5 54 7
36 8 7
92 77 5
78 51 3
19 84 8
66 8 8
87 23 14
90 95 10
22 66 6
70 73 13
18 98 1
60 86 16
65 0 9
26 7 18
71 25 13
65 7 14
89 2 5
89 64 4
93 45 11
63 6 7
89 47 19
27 48 10
0 92 5
88 23 8
98 91 10
19 8 13
4 97 16
60 56 1
70 75 11
71 15 10
98 2 17
40 64 11
73 24 19
47 94 12
83 1 15
54 76 13
65 55 8
76 10 5
72 99 2
80 73 9
55 57 17
94 12 5
46 21 1
66 13 2
63 44 17
45 3 8
85 37 3
34 17 1
57 2 14
77 25 2
73 65 5
54 77 5
95 7 11
97 63 13
3 58 8
31 69 12
73 27 6
93 8 2
91 28 4
7 81 14
28 49 8
99 44 19
29 58 3
80 20 10
4 11 14
63 77 19
32 67 15
69 25 6
33 2 14
26 17 18
4 10 19
5 81 5
52 86 17
65 53 11
21 12 5
12 61 8
65 15 2
77 24 7
25 77 11
94 29 16
72 63 9
62 28 6
75 41 7
27 72 19
58 36 12
76 67 5
92 98 3
67 30 6
32 76 15
45 1 9
49 65 5
30 1 16
59 34 5
34 38 6
97 50 7
4 39 15
75 67 9
20 27 11
37 15 15
48 29 5
56 71 13
99 1 12
47 29 18
44 37 10
38 9 10
2 23 10
11 21 10
29 52 10
16 13 16
71 75 10
97 38 1
0 94 5
58 37 1
45 16 9
94 18 2
91 41 12
26 73 5
87 86 16
23 65 14
32 12 13
81 40 16
88 52 10
31 99 11
65 22 6
17 11 14
41 17 11
2 59 19
23 46 11
66 19 15
99 82 10
45 77 19
56 36 6
56 87 9
23 53 17
61 7 9
25 91 9
50 28 1
67 53 3
11 99 10
91 94 1
34 58 4
28 85 5
68 21 8
55 84 6
0 57 7
16 3 10
71 85 17
21 98 16
27 12 12
91 83 17
29 98 15
64 97 14
44 4 19
4 13 19
31 38 2
43 80 3
82 44 19
12 66 6
69 40 7
59 91 4
87 53 19
86 28 6
30 76 15
72 45 13
81 37 17
86 24 10
59 71 1
74 55 11
53 51 12
79 36 14
32 84 11
96 14 18
87 75 1
66 17 15
72 7 19
13 52 18
0 28 14
0 70 7
91 77 7
39 22 13
24 13 8
17 8 9
23 28 18
54 47 16
20 16 11
73 16 3
52 94 17
86 78 6
99 84 19
40 93 6
10 61 19
93 31 17
70 80 18
51 18 17
3 9 8
64 4 4
19 6 3
46 90 18
39 68 10
66 93 19
46 82 17
56 40 3
21 67 1
41 14 3
84 85 14
34 3 19
94 78 2
56 47 6
44 80 6
75 84 7
40 63 13
75 86 16
92 3 11
91 44 8
41 13 18
90 55 10
28 56 9
81 89 5
38 89 15
64 35 13
50 22 8
2 79 7
6 56 13
22 69 2
55 50 4
49 16 2
73 25 7
54 63 16
11 42 15
23 34 13
11 10 1
70 15 18
79 14 16
67 17 10
28 1 7
89 31 13
65 94 2
80 97 1
63 80 9
72 92 5
32 45 16
85 6 5
42 78 16
77 2 18
90 60 1
11 72 12
53 88 19
56 88 10
69 23 2
53 41 5
0 89 14
80 61 5
28 83 16
42 56 13
54 13 11
15 98 14
3 92 19
33 48 6
15 10 9
49 21 19
6 50 15
58 35 6
21 46 6
13 24 13
50 52 6
31 64 11
89 5 10
22 93 12
1 90 12
93 92 12
38 56 3
38 61 8
85 46 9
58 19 11
64 45 6
34 62 5
60 55 11
16 25 6
14 98 11
0 64 1
68 45 15
14 75 5
21 63 12
79 16 11
76 35 15
26 53 10
53 14 17
58 73 19
35 27 5
40 37 15
68 80 12
3 23 5
96 47 2
93 11 7
33 61 19
43 61 10
62 23 18
92 41 13
96 66 3
15 30 5
63 75 1
77 98 18
1 89 16
68 51 14
97 21 5
91 10 18
13 71 5
32 56 2
71 80 18
26 49 3
68 95 9
19 77 16
30 63 16
89 60 12
95 69 19
98 19 4
5 93 4
14 29 13
80 50 3
20 26 3
40 73 4
35 78 3
5 27 10
33 42 8
59 40 16
91 65 1
88 75 1
54 2 4
84 38 19
59 13 5
92 57 2
76 56 1
23 1 14
87 58 19
7 79 13
29 6 12
72 4 3
70 96 10
10 23 2
74 57 16
45 42 10
1 57 3
3 37 18
30 58 1
62 77 19
79 54 16
53 57 19
21 9 7
43 76 7
88 83 7
62 4 8
32 18 18
53 22 7
31 83 15
32 6 2
7 56 15
23 19 15
76 81 9
6 18 13
98 82 6
40 61 17
33 41 3
88 43 9
5 3 15
91 20 8
4 49 15
18 41 8
18 15 2
17 13 2
59 39 14
61 93 11
70 26 11
88 74 1
58 97 15
20 80 15
27 7 16
34 87 12
92 67 15
3 51 5
2 57 2
27 97 11
84 73 18
1 53 6
58 22 16
60 19 13
25 63 19
4 19 6
66 80 17
14 82 15
22 12 17
87 19 6
53 11 3
10 53 5
41 48 12
48 13 8
5 32 19
7 87 11
41 94 1
69 19 15
55 63 12
44 11 15
14 73 11
52 13 6
76 28 2
92 90 2
61 98 6
98 79 4
19 31 19
4 42 14
83 69 15
89 17 19
33 93 4
62 84 6
87 74 10
86 18 12
17 10 8
20 56 13
41 50 3
15 0 1
60 69 16
47 44 7
65 42 8
79 9 15
97 31 18
33 14 9
0 17 19
91 84 15
68 41 9
42 67 19
89 52 5
43 10 5
19 72 6
88 71 5
6 51 7
74 70 2
82 94 1
11 1 1
29 83 11
34 20 18
39 61 17
32 15 19
17 99 9
62 21 4
46 80 9
95 62 19
67 48 4
10 93 8
35 79 5
15 42 7
52 83 11
71 61 12
16 35 5
60 53 19
86 20 17
48 19 3
10 25 10
55 91 1
90 35 9
6 86 15
67 87 14
76 8 13
38 74 15
40 97 13
92 55 14
68 87 2
38 39 19
38 66 16
13 10 14
80 18 18
81 65 13
33 17 12
94 8 16
86 66 4
63 8 2
47 38 17
15 74 8
66 88 16
79 73 2
23 80 8
82 92 19
3 94 3
18 4 8
75 93 3
12 20 14
91 53 5
66 1 3
95 47 1
35 94 4
69 80 11
90 50 5
0 66 17
25 22 16
91 25 1
31 85 11
3 89 2
45 29 8
10 60 17
61 73 4
41 40 11
5 13 15
4 61 18
14 45 6
22 84 1
42 47 13
47 74 13
37 71 13
47 99 12
96 11 4
87 77 8
49 56 15
79 4 11
68 26 17
75 42 5
2 49 2
40 7 4
74 60 4
52 59 3
19 96 2
71 98 19
56 76 17
57 55 13
7 20 8
67 42 16
93 49 10
88 63 9
31 56 1
3 33 6
96 52 9
22 42 6
50 69 19
0 38 7
24 48 7
88 44 4
13 23 7
38 47 17
45 11 17
81 25 12
17 82 3
49 91 6
18 53 19
31 11 10
21 45 19
84 21 14
13 61 5
18 32 14
86 84 9
47 92 12
87 95 5
42 33 15
51 41 9
65 93 12
13 30 1
99 36 9
21 76 9
11 43 17
97 18 18
9 65 11
66 87 10
10 76 6
47 3 4
7 28 18
14 77 13
99 41 1
40 91 5
72 77 18
69 47 15
76 45 14
29 99 14
37 7 4
96 31 8
49 59 14
12 8 7
75 40 18
34 14 18
91 37 8
14 71 3
28 23 7
39 37 15
45 43 10
3 11 19
1 55 19
69 21 4
14 90 5
17 75 8
24 66 19
12 77 18
32 59 1
67 35 7
77 61 16
90 9 2
67 13 10
31 28 7
77 62 11
46 16 9
32 29 11
25 24 18
16 0 19
40 31 10
2 24 18
19 5 11
74 84 19
68 47 19
25 52 5
80 87 5
66 62 1
98 65 13
57 20 19
30 50 11
67 43 7
41 12 12
76 26 15
5 58 14
70 82 5
75 54 7
64 55 4
33 59 17
61 50 8
31 66 14
79 2 7
9 0 11
74 80 5
75 24 6
54 90 12
32 30 4
67 77 17
82 97 13
51 70 12
76 57 19
90 74 19
24 39 1
47 27 9
58 5 10
70 14 3
3 10 4
64 41 12
74 38 7
25 73 17
83 82 11
0 27 15
16 5 2
90 69 11
65 87 15
33 60 13
32 74 1
60 49 7
79 99 16
11 56 2
7 34 6
64 76 5
58 13 8
57 39 3
54 85 2
12 24 10
41 43 13
76 3 5
99 9 3
81 38 3
11 61 18
80 65 16
16 51 1
81 18 1
59 5 7
79 35 18
20 2 4
79 20 11
87 78 15
18 55 15
52 47 15
1 16 11
65 57 16
24 55 13
25 44 8
33 29 13
0 6 19
95 4 4
47 10 17
8 73 11
59 41 11
52 93 5
28 95 4
31 48 5
85 72 4
35 56 5
95 40 2
61 25 7
90 16 5
14 30 7
79 29 3
75 77 5
99 0 3
92 97 5
24 14 13
8 80 1
66 2 13
15 58 19
25 18 15
28 75 9
50 30 1
81 41 2
1 81 2
70 60 18
35 99 12
25 57 5
70 42 15
74 72 9
80 12 6
23 59 3
26 20 2
98 5 5
11 22 7
57 58 6
90 57 13
7 89 3
94 28 13
83 86 15
32 27 14
20 32 18
42 52 19
86 53 12
37 73 17
32 72 18
89 18 14
16 34 18
54 65 3
20 45 8
4 34 12
94 31 14
51 28 8
3 5 14
53 91 3
29 94 1
89 98 19
13 42 2
10 79 7
72 83 6
22 2 7
84 58 6
99 59 13
41 66 4
48 42 3
57 0 16
47 7 9
72 76 14
76 1 10
38 16 1
96 29 3
8 28 5
54 56 6
2 6 18
56 27 2
83 18 4
40 5 18
19 51 14
73 92 13
69 76 17
97 75 16
22 45 8
56 46 10
55 46 10
24 81 8
33 80 12
95 66 14
30 62 2
27 52 12
71 86 14
63 46 10
64 19 8
30 22 7
40 77 11
22 78 1
99 29 2
80 84 10
5 41 3
93 26 13
67 12 2
74 4 11
66 41 4
72 58 5
25 2 14
62 61 3
40 74 3
95 64 1
21 96 10
17 52 16
10 12 4
7 98 1
24 74 4
40 67 5
78 77 9
64 30 4
12 97 12
93 41 13
95 42 2
83 23 10
69 8 2
11 17 14
90 61 2
63 25 17
12 74 16
30 39 11
96 55 3
57 43 9
97 80 14
29 47 9
75 34 10
44 34 16
5 78 9
0 30 16
19 79 6
4 83 3
63 89 14
11 19 1
9 19 8
11 18 3
56 63 11
12 55 19
12 92 2
19 85 1
2 16 9
68 6 5
79 89 8
72 47 5
62 7 6
64 61 9
9 36 16
65 83 16
76 5 4
93 40 6
1 72 11
37 91 12
60 91 3
89 30 4
35 11 9
68 77 19
26 71 1
78 96 14
60 95 16
32 66 6
96 85 17
40 95 16
72 29 13
5 97 15
88 34 6
22 4 19
13 60 18
98 46 10
8 49 2
61 70 13
47 46 10
86 55 4
60 6 13
17 68 2
3 38 18
22 5 18
84 94 13
30 27 3
13 31 12
87 76 18
8 45 3
32 10 2
24 35 15
84 90 7
1 63 6
64 75 11
19 54 13
79 42 9
2 64 5
19 53 2
49 0 19
71 5 19
7 31 6
9 94 9
62 27 17
34 79 10
19 70 13
57 16 7
19 94 16
91 51 17
80 92 16
7 75 14
27 74 14
74 91 4
86 50 17
9 81 17
38 63 16
45 13 3
43 90 7
98 36 19
63 64 8
71 24 3
96 75 3
33 97 10
9 58 9
25 16 5
33 67 7
25 27 13
88 62 19
68 18 8
52 19 18
60 18 15
76 42 9
11 89 8
22 52 9
88 19 16
82 51 19
22 56 9
12 57 18
74 99 3
35 7 5
8 84 8
59 89 17
54 58 2
56 49 16
22 96 9
67 37 12
44 36 14
77 45 18
38 85 10
2 98 19
29 56 13
58 39 8
38 65 8
10 62 16
52 56 19
24 17 11
4 1 6
82 59 4
17 20 17
91 57 2
81 1 9
22 76 9
16 37 5
50 23 10
65 33 4
53 35 5
10 2 8
93 73 9
81 3 4
49 73 4
94 93 15
27 25 6
20 71 3
55 72 3
89 40 11
76 90 10
58 57 19
14 97 17
41 29 3
25 9 3
88 4 12
16 55 7
42 93 19
45 52 13
35 80 8
39 64 19
38 25 15
11 40 2
15 49 19
23 27 1
66 98 7
60 36 2
41 55 1
65 74 3
24 3 2
3 65 13
93 81 7
27 91 7
57 95 18
83 22 5
66 33 18
79 52 10
17 23 15
12 63 16
85 11 2
71 39 9
91 56 4
48 35 11
99 88 2
92 83 8
33 69 7
41 11 6
34 69 14
4 63 1
47 86 15
48 36 5
13 6 1
37 77 15
55 49 2
91 58 12
90 10 16
28 19 3
35 65 12
74 47 14
85 60 15
34 94 10
99 80 9
87 43 7
49 57 10
17 27 9
73 98 2
35 50 2
59 82 10
32 1 18
82 89 14
97 43 18
15 94 6
49 80 10
4 24 5
93 24 15
98 57 6
18 9 14
42 10 19
22 95 14
14 22 1
26 90 1
91 55 10
88 36 16
47 57 4
55 42 17
26 85 17
89 68 3
77 10 9
34 81 14
93 36 8
30 42 5
57 51 8
45 22 9
90 31 12
66 18 12
26 3 12
75 35 16
45 20 18
99 27 13
41 36 13
3 13 17
69 87 2
49 4 3
41 59 1
96 0 19
63 4 11
76 27 15
72 89 1
46 87 10
2 61 9
90 96 17
52 88 18
60 43 13
9 43 2
68 40 17
44 39 13
28 47 5
34 30 9
53 98 10
92 18 7
1 27 17
65 62 13
98 74 14
85 48 19
6 81 9
45 78 10
65 30 19
76 99 4
31 51 15
45 96 17
4 40 6
35 77 3
53 76 19
24 76 10
42 88 6
48 41 19
57 81 14
44 69 1
19 64 17
94 63 17
78 52 3
3 39 5
38 53 19
0 84 7
48 9 4
14 25 15
5 17 2
27 51 14
50 73 11
14 11 1
48 7 7
55 51 16
94 21 10
90 79 18
50 55 14
97 68 9
81 67 12
6 5 18
28 29 2
73 10 12
96 6 18
3 17 5
13 17 14
90 75 10
43 41 15
53 86 13
70 87 18
39 73 9
55 25 5
31 82 17
4 67 2
82 15 15
18 92 13
95 77 9
1 80 7
41 54 8
80 75 11
5 87 11
31 67 6
66 12 5
58 76 8
51 9 15
18 31 7
75 29 17
18 48 12
37 94 1
77 71 17
53 85 18
9 44 6
7 40 9
74 77 9
48 55 2
33 73 3
84 29 3
86 74 16
12 49 5
57 37 2
29 91 13
54 82 2
57 47 17
92 23 2
28 48 8
96 19 8
63 20 19
1 73 3
46 83 1
21 95 5
48 47 3
92 6 8
41 95 2
47 61 12
2 7 7
49 43 3
46 76 14
54 68 18
35 45 1
69 60 4
52 78 13
15 84 2
13 27 19
49 31 17
13 72 14
36 65 2
4 28 7
59 85 3
71 48 3
64 68 10
39 6 7
5 4 18
90 11 17
90 3 18
41 73 3
80 27 9
34 92 1
67 96 16
98 85 16
28 71 9
56 13 12
46 40 6
98 43 8
7 83 2
9 62 8
18 72 5
37 74 4
81 45 4
63 14 5
18 43 6
6 25 11
46 33 1
90 83 18
73 30 1
68 15 16
16 39 17
84 15 4
95 80 16
85 36 15
94 80 10
76 59 16
84 12 1
92 60 12
6 77 4
19 83 10
17 5 15
64 86 19
39 51 1
13 14 9
39 47 2
67 91 1
42 13 6
23 37 6
37 76 4
21 79 1
35 24 17
27 71 14
52 6 5
70 88 9
9 50 7
85 13 11
82 72 4
62 35 8
23 7 17
79 58 19
66 31 8
35 4 17
80 63 14
37 67 11
78 71 12
20 58 17
95 29 4
12 40 6
48 84 19
47 59 3
29 97 14
35 8 2
21 4 3
22 0 5
67 38 16
7 67 11
38 81 6
35 74 18
54 10 8
88 28 16
88 21 4
65 8 9
12 36 19
60 81 13
8 60 7
90 81 6
37 16 13
64 93 19
6 60 6
67 32 14
49 70 4
86 57 19
54 48 13
49 44 14
82 4 4
73 79 2
7 1 13
24 73 3
3 62 17
94 39 5
50 93 11
12 73 7
92 30 16
16 14 14
61 36 8
86 81 5
71 67 4
30 96 14
29 69 14
92 64 9
47 73 18
82 76 18
60 40 16
20 47 14
41 77 10
94 13 4
33 89 9
17 98 18
3 86 11
3 16 15
51 25 15
7 21 9
31 61 10
37 98 17
36 34 10
83 52 7
94 82 10
75 92 12
73 55 5
72 41 3
59 79 9
30 65 2
43 71 13
92 11 6
1 69 8
68 25 15
66 57 4
93 64 14
84 74 8
58 23 3
43 38 7
34 1 17
67 83 12
24 15 17
67 52 12
19 29 16
81 14 18
14 49 1
46 50 19
0 69 13
55 69 2
85 31 19
83 89 2
66 76 15
55 77 2
73 56 7
64 20 12
67 44 6
12 25 8
41 72 16
44 0 2
60 27 9
18 68 17
94 45 15
4 31 17
24 5 17
38 4 19
56 93 7
47 42 7
5 23 12
93 47 10
28 62 12
85 33 17
16 60 5
24 51 17
93 0 1
55 67 4
19 30 10
49 37 9
79 34 19
13 73 18
72 13 13
81 19 17
97 1 14
2 95 7
79 11 15
36 45 16
89 54 19
79 17 19
56 68 7
70 77 14
50 19 4
95 38 4
31 98 4
75 56 2
83 96 1
56 11 2
46 14 1
75 51 12
80 66 19
86 98 9
18 54 18
8 34 4
68 84 15
27 56 5
68 23 10
86 13 9
25 99 8
41 93 11
71 89 12
53 83 15
93 77 18
49 64 15
20 33 6
35 64 17
20 66 4
17 29 11
46 93 5
54 35 12
8 35 15
49 79 12
93 10 11
40 68 7
17 73 3
82 8 2
59 10 4
88 90 4
45 49 3
53 4 5
40 65 7
96 38 8
38 31 8
2 47 10
34 2 6
98 1 1
85 84 16
47 19 18
12 82 19
82 86 8
52 70 4
57 23 2
45 62 6
29 42 1
28 97 19
11 54 7
70 51 6
18 87 15
82 19 2
19 73 11
50 25 18
99 10 17
13 2 16
19 42 15
72 61 19
5 61 10
27 86 3
71 79 5
75 83 17
95 22 2
9 53 1
21 38 7
17 79 12
31 52 11
63 15 14
10 72 1
76 14 6
90 54 12
17 62 14
96 21 13
10 44 10
27 84 7
93 51 12
8 29 12
57 73 19
99 16 19
13 69 3
44 64 10
69 20 13
70 47 10
48 68 12
13 62 1
84 99 1
73 39 19
21 42 2
6 49 2
90 71 6
98 6 11
73 95 17
41 33 11
53 52 14
98 73 14
73 1 3
90 0 13
83 77 9
92 87 11
98 20 9
16 83 10
38 93 6
47 43 18
87 84 2
37 19 10
87 90 18
4 47 16
13 11 17
74 0 16
22 71 3
97 28 15
63 74 9
27 38 14
11 20 2
14 84 15
16 54 11
8 86 9
12 88 10
18 8 9
40 79 10
67 46 9
36 11 10
79 97 16
11 7 2
51 81 19
67 99 3
31 0 16
47 76 8
83 13 18
99 91 15
80 48 16
94 57 12
31 76 7
82 78 12
70 92 12
69 54 6
39 93 14
46 70 11
39 75 3
64 33 9
58 68 1
56 44 4
10 54 1
22 6 5
97 96 14
66 75 5
46 75 13
68 39 17
49 69 15
18 84 9
97 83 11
35 44 17
26 77 8
72 5 11
36 90 19
1 42 14
29 36 11
18 93 15
23 43 15
47 71 6
13 59 12
60 23 19
95 41 9
80 14 15
4 73 12
3 35 12
94 66 4
48 32 2
69 36 13
91 38 14
32 25 13
87 80 1
70 10 19
94 68 18
44 20 18
64 14 14
29 85 18
31 20 8
92 2 7
93 80 16
60 26 19
52 91 15
91 14 8
74 96 2
5 44 3
6 58 11
84 20 15
95 12 10
69 56 11
29 23 19
50 84 17
32 52 3
94 42 6
32 49 1
88 27 2
13 90 7
73 7 3
9 22 7
11 9 2
11 85 6
22 14 17
87 44 7
85 62 2
88 37 10
96 30 16
69 95 7
6 70 19
30 14 14
62 56 8
82 87 12
6 79 14
20 68 19
98 92 14
82 40 15
68 54 12
38 15 12
45 2 19
76 9 13
99 19 1
25 96 17
40 88 16
6 96 2
38 27 15
27 1 15
80 19 7
73 66 14
27 20 10
24 34 10
64 47 18
32 81 3
25 56 3
82 45 8
43 57 3
89 53 2
19 41 13
73 93 12
15 25 19
20 76 5
64 52 3
58 42 4
45 82 2
93 22 7
84 3 13
32 9 19
73 60 5
0 54 2
67 80 3
60 34 5
97 67 14
62 79 6
88 15 4
57 98 4
61 34 3
54 72 6
29 65 19
84 66 10
32 61 3
66 82 4
21 59 10
53 24 15
78 48 19
34 82 18
63 60 13
93 72 1
36 70 18
28 33 19
50 35 6
31 53 6
46 86 15
71 6 14
13 32 1
64 96 15
40 87 10
75 26 11
45 27 8
4 65 10
15 48 17
48 46 18
83 35 13
51 71 19
17 89 10
93 23 7
69 72 17
0 91 1
80 47 8
72 93 9
78 37 16
61 90 15
29 54 12
51 99 3
90 27 8
56 78 19
89 57 16
80 8 12
82 25 8
43 49 16
25 54 15
54 43 12
8 63 6
5 76 10
48 25 15
74 56 2
66 81 12
68 79 7
25 33 14
63 76 5
12 69 8
4 93 16
95 44 19
44 81 17
8 66 8
18 61 9
95 93 18
18 52 1
26 34 1
67 75 19
53 6 1
66 0 4
62 80 10
29 1 6
11 36 9
37 41 3
73 37 4
69 9 17
70 66 15
64 94 3
84 86 4
42 96 2
55 33 7
9 70 15
41 76 13
8 32 5
3 56 13
71 22 3
70 36 17
16 63 9
67 82 3
77 84 12
0 73 2
69 32 15
21 78 6
32 14 10
36 12 11
13 95 8
57 8 11
60 65 6
41 31 11
87 21 9
37 48 3
7 43 2
47 53 11
17 93 16
57 91 5
43 16 14
38 22 16
9 56 10
61 92 7
54 26 3
34 16 11
87 56 9
51 4 7
54 99 3
27 47 17
2 76 3
27 87 7
25 31 17
0 18 12
29 37 13
11 98 10
93 27 3
13 39 9
98 69 15
46 42 3
68 99 2
98 27 15
11 25 16
25 37 12
57 15 3
1 88 1
54 93 14
18 42 6
41 85 2
54 92 5
47 67 1
3 52 18
99 89 17
63 16 14
33 75 2
35 86 15
67 39 3
15 97 18
17 3 10
21 65 9
61 67 8
3 82 4
62 58 2
94 54 4
96 36 17
2 31 18
22 9 5
64 85 13
5 36 2
75 88 6
17 14 10
26 96 10
77 54 5
36 24 8
56 86 5
10 78 18
83 62 2
60 10 2
97 35 17
26 88 18
89 44 9
76 92 10
4 91 9
56 8 9
49 23 10
88 40 2
76 12 19
27 62 2
12 84 11
38 48 8
72 24 11
63 7 14
74 44 3
9 27 3
63 62 11
70 45 4
81 59 17
37 3 15
75 0 15
45 24 7
67 18 18
90 92 2
35 67 1
13 82 17
82 39 10
95 21 9
48 95 17
19 33 7
79 45 1
73 48 18
33 21 9
79 3 18
77 42 14
26 66 18
57 66 11
34 99 7
8 12 1
71 56 16
62 53 11
36 66 14
98 67 4
28 98 3
61 51 6
68 56 18
64 70 1
94 27 14
5 19 11
2 9 5
13 45 19
31 41 13
75 64 5
31 34 6
15 61 12
36 0 9
15 89 8
72 67 5
68 9 1
93 57 3
15 68 13
30 38 10
2 33 7
26 75 11
58 93 13
29 16 11
1 20 10
65 89 13
23 22 14
96 54 15
88 31 19
97 93 1
90 51 5
78 16 5
28 51 14
1 82 1
59 16 17
7 30 10
68 53 16
61 79 9
95 16 15
69 99 10
32 19 16
44 49 13
73 22 2
2 8 19
4 90 4
24 31 4
67 28 6
59 64 16
53 74 1
28 27 18
62 45 5
95 63 3
41 44 4
95 9 9
9 90 11
81 34 3
29 72 9
68 49 2
78 17 3
51 90 4
66 78 2
99 5 9
64 24 18
79 78 8
20 77 16
88 91 18
46 23 16
87 49 2
84 60 7
25 70 11
13 83 12
85 96 10
35 48 2
85 98 4
60 41 10
1 0 9
48 89 2
22 74 11
26 38 11
47 25 10
38 71 11
21 93 6
63 38 17
67 21 10
58 79 12
25 15 9
85 17 19
5 92 2
19 15 10
7 29 11
5 1 12
78 30 14
81 69 9
44 82 8
57 21 6
80 21 7
84 62 15
16 9 11
37 59 12
87 27 10
42 57 8
61 8 19
24 49 11
57 6 10
2 87 3
38 30 15
45 71 18
45 8 16
77 35 10
44 85 4
42 40 6
91 72 6
81 29 18
60 57 2
81 16 10
70 12 12
59 32 12
11 88 13
97 91 16
46 18 6
88 80 18
35 13 9
92 19 1
85 58 18
30 28 8
80 10 17
14 39 14
5 39 3
44 75 7
17 28 6
94 10 9
69 96 11
44 48 15
19 25 17
80 79 15
80 88 19
4 71 4
28 15 10
94 73 10
36 17 16
7 48 14
79 51 9
67 14 16
45 25 17
54 0 19
22 88 13
62 1 3
32 78 8
23 48 16
97 69 3
82 2 19
10 91 11
55 52 16
81 70 19
42 17 11
18 6 19
97 7 8
23 72 5
67 3 5
86 83 12
33 15 6
32 7 16
54 30 4
35 49 17
85 26 17
25 58 3
51 47 5
97 58 2
57 61 6
88 29 17
1 75 10
46 77 19
80 55 6
67 49 5
91 30 2
74 19 19
92 56 7
80 49 10
67 10 6
98 13 8
47 16 18
10 37 11
30 74 1
43 58 15
39 52 4
66 99 8
36 91 1
58 89 16
82 61 7
1 25 6
48 26 2
97 55 15
11 78 6
21 75 3
40 96 9
40 2 6
28 87 10
37 52 2
39 1 18
66 90 15
83 14 18
85 21 15
39 69 7
60 71 18
77 32 19
69 24 7
27 60 14
90 89 8
94 97 7
44 5 1
81 32 6
33 98 18
75 52 8
11 65 17
64 26 10
44 33 18
66 3 5
43 55 11
24 42 5
38 57 15
66 14 6
37 39 9
75 72 2
1 37 12
57 65 1
14 8 2
46 37 13
95 74 11
58 43 18
99 87 1
22 27 14
25 64 6
52 24 15
66 54 1
27 0 7
12 62 14
93 20 13
36 41 10
91 9 18
18 21 14
37 14 11
29 68 13
36 22 8
45 26 1
27 92 17
96 82 7
22 1 8
55 19 18
5 69 2
91 0 19
39 35 19
30 84 5
87 6 8
13 57 16
28 2 9
62 67 14
72 81 6
63 57 14
43 47 12
90 86 3
31 86 13
75 74 8
38 70 16
50 76 11
10 87 9
44 58 16
98 64 4
29 82 8
22 73 2
76 86 19
23 87 13
73 90 16
26 2 6
59 84 18
73 6 17
49 48 9
18 75 15
66 21 15
21 36 18
83 39 2
89 73 11
68 89 17
0 62 16
69 92 11
0 79 5
45 63 7
83 75 19
90 49 13
90 36 18
11 66 3
19 18 12
82 41 5
93 34 1
61 99 5
52 68 11
18 0 6
23 45 14
5 7 13
96 23 17
81 55 9
57 75 2
90 29 10
40 98 3
59 93 5
85 0 1
83 37 6
80 93 14
88 22 6
74 36 9
91 19 1
19 17 10
0 19 9
6 28 4
12 86 3
90 93 5
70 8 1
11 45 13
52 7 3
68 31 7
82 55 16
39 87 8
36 93 11
71 32 18
48 50 10
79 70 15
91 49 10
97 49 16
24 89 2
6 76 9
42 45 5
0 15 9
31 37 12
29 88 16
16 48 3
20 70 15
61 53 8
61 38 3
59 92 16
10 66 9
73 69 4
66 72 12
35 12 4
32 71 4
4 15 6
42 18 8
5 68 5
91 6 11
79 83 19
8 27 15
23 2 17
73 29 7
29 64 1
12 6 10
88 93 17
21 14 9
99 61 12
71 16 6
57 53 8
9 93 3
28 34 3
77 79 17
71 43 15
70 63 8
49 20 1
30 90 13
71 2 7
24 10 17
42 48 7
33 3 6
5 8 16
29 59 4
8 71 19
42 36 9
51 77 13
99 79 9
84 39 18
47 55 3
11 30 17
62 41 10
32 97 14
1 79 17
55 27 11
74 8 13
35 38 17
83 58 5
4 76 15
9 41 9
81 4 12
77 65 15
36 37 5
86 22 17
4 46 17
80 28 15
86 79 3
72 95 11
69 52 16
98 38 6
79 40 9
61 42 11
22 41 15
10 74 13
80 46 15
38 0 2
84 8 1
30 79 10
8 95 17
14 80 2
86 33 4
80 43 13
74 71 19
77 19 5
13 68 6
55 8 5
79 84 15
66 24 8
98 42 5
51 95 12
14 1 5
3 64 6
50 8 15
92 54 17
80 96 5
46 54 16
66 59 18
44 50 12
62 81 18
77 70 5
0 33 17
51 32 11
19 10 3
25 80 2
34 6 18
52 0 16
35 88 11
94 7 13
13 79 10
16 98 1
4 25 18
41 74 18
81 11 15
55 3 18
33 25 1
73 41 1
46 59 6
57 74 5
69 51 10
10 48 7
48 64 17
52 11 17
69 77 12
45 79 3
96 5 16
48 78 3
77 28 15
21 28 2
45 61 12
71 3 9
59 57 7
73 4 6
20 3 10
37 32 2
98 8 13
95 49 12
40 32 16
51 46 4
38 55 11
21 17 4
27 65 9
93 68 11
55 15 12
26 28 14
5 59 10
80 5 2
79 19 13
74 42 3
12 99 5
67 0 5
25 8 8
12 79 6
83 48 17
71 44 19
25 71 1
70 38 18
39 8 10
17 53 3
41 97 4
73 86 12
22 10 13
3 48 10
87 1 17
82 83 15
7 53 8
4 92 3
86 23 19
93 44 18
31 43 13
69 65 14
89 26 6
43 23 1
77 92 17
70 3 6
47 24 12
70 39 18
48 62 2
99 40 11
33 57 13
40 52 19
2 86 19
87 26 17
98 68 11
5 15 8
58 41 6
83 92 15
49 33 1
68 46 18
24 50 1
70 76 19
15 69 11
27 93 10
67 72 3
66 30 15
0 40 7
56 69 13
24 67 14
65 76 18
43 12 11
3 28 5
83 57 6
67 79 4
74 46 18
43 81 9
39 83 2
32 51 7
92 29 9
81 72 9
67 69 8
18 35 17
87 32 6
38 88 5
69 48 4
51 39 15
38 1 15
47 52 13
98 22 10
14 67 17
87 14 2
73 45 15
66 37 5
37 56 18
3 93 5
75 12 16
89 84 4
24 94 1
38 5 3
35 59 11
91 76 9
50 40 12
42 25 13
6 0 13
60 5 13
33 72 9
27 41 19
58 80 12
64 79 9
20 17 13
89 19 9
18 44 9
40 71 14
86 54 4
50 31 9
29 73 16
12 1 12
92 52 8
56 51 3
31 58 1
16 99 14
31 30 8
91 3 6
54 61 18
59 86 13
38 46 18
95 46 14
66 23 9
27 10 2
17 25 14
79 38 17
13 93 4
34 74 10
32 80 14
4 53 4
3 79 10
12 53 4
47 35 4
15 36 16
53 13 2
14 26 18
57 71 17
5 21 7
86 58 8
90 67 10
14 53 10
97 73 12
20 51 6
58 94 3
4 66 8
97 57 17
88 12 9
60 12 17
80 78 15
23 31 10
29 74 10
52 1 2
58 66 17
29 18 6
11 96 19
63 54 18
78 15 11
3 8 10
52 12 11
99 45 4
56 50 1
74 41 3
12 65 6
5 49 3
25 36 4
54 40 3
17 66 8
17 76 13
98 80 18
99 37 7
0 60 6
2 41 2
75 58 2
6 95 7
39 71 2
36 3 6
76 4 2
93 65 6
72 98 8
94 14 6
80 16 3
2 44 19
43 88 11
73 52 8
38 87 7
53 38 12
54 62 13
16 92 5
98 56 14
37 54 2
21 86 14
75 28 4
80 42 6
35 30 3
46 32 17
92 88 12
96 57 14
53 63 17
29 8 2
61 11 5
32 33 14
92 73 1
53 79 15
71 77 3
88 9 13
30 9 1
1 36 17
8 38 2
38 35 17
14 57 4
17 41 12
91 27 10
43 29 18
64 18 17
10 55 6
96 22 18
7 49 3
74 2 11
79 92 14
62 66 2
55 41 5
23 36 15
58 63 17
58 12 2
60 22 9
48 6 9
92 27 9
5 75 14
76 88 9
59 11 12
9 37 17
0 86 12
71 83 8
96 74 17
13 34 11
26 80 13
21 58 2
60 3 18
38 24 3
90 17 11
35 34 11
25 3 13
81 94 10
99 8 12
8 99 1
75 96 8
12 96 1
97 2 14
22 98 13
6 32 4
91 75 14
95 61 2
20 0 16
22 51 17
84 36 3
32 36 13
52 29 1
24 90 11
60 54 8
75 69 4
39 43 7
77 51 2
78 53 18
52 50 4
10 70 18
70 40 14
7 24 14
61 91 13
59 61 4
43 68 19
29 51 3
77 0 19
71 13 3
84 1 2
77 68 9
8 61 17
88 65 17
80 70 11
93 84 17
26 62 6
29 34 1
73 49 18
40 99 12
56 7 16
42 34 12
93 17 8
92 76 15
89 91 5
57 3 16
38 7 13
5 60 9
40 48 13
81 93 17
83 46 4
88 45 1
69 0 15
92 49 3
70 18 5
40 33 16
55 61 3
55 39 1
64 69 4
49 95 13
92 66 3
95 65 11
99 78 3
47 77 12
24 54 17
62 49 2
11 62 11
74 87 7
93 42 8
91 52 4
48 31 16
5 63 13
84 4 15
24 41 5
10 51 1
78 85 5
16 85 3
91 22 14
25 11 7
5 48 11
25 89 7
88 25 17
61 75 7
71 28 19
36 95 4
8 20 6
24 37 6
18 57 3
7 74 6
71 14 5
88 1 5
49 24 5
5 10 8
89 4 19
63 98 1
10 14 12
31 97 7
93 25 4
89 80 4
2 39 10
2 54 5
88 16 18
95 27 10
99 62 17
96 41 15
62 30 18
60 79 16
66 60 1
82 67 13
80 67 5
43 95 15
34 68 7
10 11 10
95 91 17
37 22 1
23 10 17
28 52 4
23 0 13
33 16 12
25 74 11
39 29 1
0 8 17
41 25 4
99 28 10
67 55 18
32 58 5
37 93 15
6 42 6
89 70 11
79 47 10
54 80 3
48 75 18
54 33 15
64 98 8
56 9 1
70 32 5
41 83 6
83 47 8
74 58 10
90 48 18
48 8 9
20 52 10
69 70 1
50 7 10
14 74 19
72 73 15
78 54 15
98 21 6
53 87 2
31 77 13
49 75 12
95 58 13
18 64 2
80 0 2
94 67 13
51 75 9
64 31 17
99 49 3
89 46 1
23 30 11
23 98 4
25 68 12
30 52 18
44 59 13
29 15 11
85 74 14
15 92 5
44 3 18
47 72 11
28 94 12
19 80 8
54 24 10
43 9 6
11 55 18
78 0 17
38 33 11
82 34 15
42 35 7
32 95 7
33 76 5
62 85 4
80 58 8
78 39 16
26 15 8
41 15 2
62 76 7
71 58 12
34 39 17
60 75 15
17 19 19
81 88 10
84 96 9
16 71 7
85 19 8
81 22 3
56 4 3
22 26 1
97 94 1
58 14 3
69 64 12
4 72 14
51 49 14
23 8 1
80 76 5
42 91 12
72 3 11
17 18 7
42 16 3
30 92 8
22 29 9
97 66 17
58 61 6
52 71 10
11 32 13
62 87 6
25 29 9
6 39 11
94 86 3
99 56 4
19 2 3
51 26 13
95 8 5
37 85 1
95 53 17
61 16 17
71 90 4
92 37 5
61 22 4
11 35 5
15 26 14
92 71 3
57 1 3
32 75 6
49 84 12
38 99 6
12 33 3
19 32 2
93 97 7
92 4 7
92 31 11
54 7 5
5 99 15
58 7 2
52 53 16
95 50 15
0 21 15
1 54 9
19 3 8
6 98 16
89 90 3
49 77 7
48 96 6
73 18 12
0 72 16
30 10 6
24 11 15
28 22 12
17 92 14
7 71 16
52 92 6
72 79 13
63 36 12
30 53 7
12 52 14
90 24 11
26 37 2
44 86 16
3 7 4
73 36 15
3 78 1
4 85 14
51 38 13
53 23 5
49 83 8
28 6 10
30 49 6
29 60 13
38 11 16
71 33 17
0 56 8
45 19 6
91 18 15
2 32 3
30 48 9
58 64 19
96 20 7
76 2 11
22 43 1
16 11 19
7 27 2
83 42 14
44 67 8
25 39 19
79 15 16
42 80 5
46 72 17
73 82 13
54 71 15
78 19 15
64 0 8
93 83 1
79 59 6
52 34 19
50 14 15
40 30 7
64 91 15
80 44 18
55 18 14
82 9 10
48 40 1
35 5 10
4 20 8
51 84 3
58 11 3
97 61 9
23 89 8
32 31 13
11 92 16
92 70 4
88 14 6
48 91 1
41 5 2
55 5 14
4 56 16
8 54 16
94 48 6
28 89 12
3 77 9
98 66 9
76 11 8
38 82 8
78 28 19
11 5 6
42 3 3
82 3 15
78 41 13
60 31 4
52 98 7
7 25 19
82 6 16
6 44 15
3 73 3
50 46 19
9 57 14
63 87 13
81 87 10
39 58 9
88 10 3
23 99 9
96 39 6
30 13 18
97 6 7
3 95 6
67 22 2
8 69 14
38 14 1
59 17 19
35 81 12
34 49 13
44 15 4
17 44 14
47 84 4
91 64 6
26 58 3
31 75 9
7 86 12
0 5 11
49 47 3
81 24 14
10 98 5
27 23 1
61 5 18
27 99 16
90 58 9
11 16 6
76 13 12
1 68 16
10 64 12
43 37 16
41 68 15
1 62 11
75 98 13
63 40 15
2 30 2
46 53 5
77 74 13
52 49 5
87 63 4
10 43 11
87 17 3
36 80 16
2 80 1
65 29 10
58 95 4
43 31 18
70 44 1
27 75 7
20 86 14
24 78 19
28 67 10
77 40 17
96 27 18
50 49 3
7 51 16
91 61 18
47 37 17
92 75 6
38 86 4
50 97 14
0 9 4
17 71 16
61 28 11
50 15 15
36 92 4
1 12 3
90 66 3
26 54 8
34 28 10
86 36 3
51 80 11
40 0 16
27 26 10
43 75 16
7 68 19
96 33 1
21 88 10
95 25 3
33 7 19
23 84 8
39 60 14
74 22 18
78 11 15
3 19 7
61 31 11
95 45 17
31 4 8
21 20 9
76 17 8
55 12 3
11 41 13
69 61 8
21 11 19
92 51 8
19 48 3
4 30 8
26 87 9
72 57 16
78 99 10
1 8 10
45 91 3
20 61 10
2 51 2
71 34 16
30 16 10
35 76 19
39 77 3
29 93 14
2 99 7
67 76 16
83 40 13
13 33 9
51 61 11
60 66 17
64 72 9
65 31 5
37 23 1
65 78 1
46 96 4
36 59 3
26 50 2
9 89 14
78 34 2
99 38 3
16 8 1
75 73 9
81 71 4
65 77 16
97 99 14
99 67 9
47 15 17
18 13 17
83 27 2
57 24 7
44 70 6
24 46 17
99 22 11
53 58 15
52 96 9
67 92 9
56 85 9
68 35 13
65 37 5
43 72 4
38 29 16
1 96 15
18 82 18
64 77 8
90 40 5
85 43 14
51 36 13
70 17 17
76 36 18
44 42 6
65 80 18
29 63 11
5 12 11
87 72 1
17 57 11
21 49 12
64 92 8
96 35 12
27 85 10
64 58 2
89 29 3
82 90 6
56 94 19
90 7 18
74 49 16
86 61 15
76 96 4
49 90 9
53 46 9
68 42 12
2 15 13
21 83 8
0 47 5
3 74 3
67 47 2
57 89 5
26 43 7
36 53 10
8 77 19
97 26 2
65 50 19
26 78 7
66 4 9
83 76 10
90 5 10
7 61 16
81 33 1
6 71 6
91 46 9
30 78 7
95 48 16
24 32 13
23 95 12
47 58 8
80 17 19
37 60 11
49 35 13
95 30 2
36 74 17
69 57 11
39 97 11
19 97 4
1 95 15
43 84 5
29 71 2
59 99 12
67 5 13
9 95 17
71 0 12
10 99 2
99 55 9
66 70 18
12 43 10
31 22 4
8 17 1
88 84 1
75 97 15
92 38 8
59 33 2
63 13 9
17 32 5
11 76 14
37 1 15
86 91 17
53 15 2
34 71 15
75 44 13
53 17 19
86 96 6
6 4 10
46 0 5
15 7 6
20 38 11
85 16 18
71 21 14
26 42 13
97 8 13
87 2 15
31 46 19
55 85 7
63 45 9
63 94 19
64 88 3
29 7 3
23 74 19
52 17 7
0 87 3
0 44 18
9 91 16
50 4 16
89 0 19
13 76 16
82 21 14
77 96 3
76 60 15
64 81 18
70 28 14
85 8 1
60 35 4
62 83 2
26 23 15
65 36 15
16 75 18
63 30 16
62 99 19
63 97 10
46 10 15
46 58 13
32 63 16
15 99 19
35 51 4
34 64 9
30 24 12
61 65 7
28 14 1
30 82 18
18 58 9
54 95 3
31 29 8
66 43 17
5 95 19
47 70 16
14 23 4
44 22 19
21 74 4
67 6 16
0 3 13
70 79 2
39 56 5
45 33 11
31 12 7
54 74 13
64 57 14
30 56 1
19 14 6
35 55 19
13 75 6
89 55 8
69 7 11
31 6 3
16 93 13
9 78 2
32 82 10
93 58 10
72 37 9
75 62 2
91 74 3
57 76 14
40 16 17
15 46 9
85 41 8
76 62 18
83 11 14
65 91 14
77 14 6
39 38 17
89 38 7
38 2 13
22 35 9
31 5 3
76 98 16
30 7 14
55 11 5
2 70 1
68 10 4
99 96 17
38 20 17
27 63 15
88 59 4
25 43 12
83 33 4
73 14 8
7 5 18
19 99 12
73 42 18
50 54 18
52 84 1
65 1 2
11 77 1
35 22 12
69 97 13
4 80 12
30 97 11
47 33 1
4 21 12
75 13 1
20 6 14
31 13 11
6 26 17
65 26 13
5 45 9
27 90 15
65 46 2
31 96 8
22 8 5
63 2 17
83 68 13
88 61 4
15 86 3
10 89 10
42 55 4
56 3 3
17 67 10
74 1 16
69 27 2
0 51 5
37 90 14
52 85 6
37 4 6
94 25 5
22 32 2
79 43 16
98 84 18
19 13 11
81 66 3
40 62 18
77 12 3
22 54 17
85 32 4
56 98 4
31 33 10
67 50 3
20 74 8
47 30 3
14 13 12
81 58 17
18 45 17
30 20 7
38 13 14
12 28 6
28 10 5
99 92 11
67 78 2
45 85 5
46 92 13
42 27 4
71 72 15
94 2 14
41 96 13
61 20 12
42 59 1
38 95 4
30 23 11
74 11 18
82 81 18
48 98 3
5 2 6
90 2 2
49 93 2
44 79 3
94 33 5
66 39 10
18 70 12
14 83 9
90 78 11
89 95 14
11 91 11
84 68 5
82 22 16
27 13 3
33 26 11
41 22 11
16 79 6
15 21 9
84 48 17
22 44 6
21 44 10
63 27 4
37 92 18
2 5 13
39 32 6
0 65 5
99 52 15
0 36 10
44 29 13
27 5 14
82 75 6
79 85 8
81 26 2
31 1 17
46 55 14
57 68 2
35 16 12
49 87 13
88 99 13
84 65 18
76 80 12
74 59 1
53 26 3
57 14 8
29 80 13
97 78 4
56 89 10
48 20 18
67 59 5
37 87 6
59 48 3
21 30 13
72 91 18
90 15 8
27 54 8
60 87 15
82 0 7
93 63 5
55 45 15
86 14 13
52 16 18
58 44 16
74 7 8
49 46 16
10 71 12
95 17 13
27 35 11
31 88 13
37 42 2
28 21 12
24 56 4
11 79 18
2 85 4
35 10 5
57 46 5
35 26 17
36 97 14
75 1 14
54 3 8
92 5 7
43 82 2
29 48 14
41 58 19
51 0 5
3 76 6
86 11 10
50 26 6
41 19 7
79 12 13
79 24 11
6 2 6
25 4 17
23 56 2
28 91 11
81 53 13
9 49 19
15 54 19
15 76 4
86 80 9
51 10 2
67 40 2
17 94 6
37 34 17
39 19 2
30 70 8
88 11 17
58 85 8
26 69 4
81 74 9
44 77 7
65 67 19
43 8 8
20 18 17
32 13 11
10 82 5
48 1 7
14 64 14
86 76 19
9 48 19
49 32 7
66 22 4
24 83 8
73 97 5
39 33 15
68 58 19
35 53 9
97 90 3
40 92 14
65 95 15
7 70 10
55 36 17
99 11 2
91 47 10
73 44 17
49 62 6
6 78 17
93 30 2
68 48 10
70 11 1
65 41 19
48 94 11
85 25 3
87 69 1
38 69 19
31 57 3
29 11 7
89 20 1
80 31 16
19 61 4
50 17 5
47 21 10
28 73 8
92 95 10
50 96 18
46 52 18
2 19 13
11 69 2
0 7 1
98 63 17
17 91 17
13 63 15
55 14 7
1 84 15
94 69 18
27 46 17
27 22 10
50 88 9
51 65 19
24 4 10
17 63 8
52 15 10
52 4 8
12 91 13
19 92 16
0 39 15
83 19 7
0 10 12
8 57 14
97 9 18
36 31 4
55 86 12
61 37 12
65 45 10
14 58 13
56 38 1
77 47 10
69 82 16
36 28 13
22 20 4
21 53 8
54 67 3
92 40 10
3 12 19
51 85 17
35 83 16
99 34 6
11 82 19
81 56 18
86 51 18
71 63 12
49 15 10
24 65 19
1 14 7
61 44 4
25 47 9
50 34 16
72 25 19
62 92 9
64 49 3
57 19 14
97 81 5
32 24 15
4 38 10
39 26 14
98 33 8
77 7 6
45 47 12
87 83 1
87 59 19
48 0 14
33 88 7
62 88 18
28 63 4
57 49 3
36 29 8
28 99 15
34 67 1
64 17 5
20 29 10
92 33 11
93 38 18
20 88 16
66 5 4
34 41 3
9 51 12
53 97 14
64 3 17
36 87 13
61 35 8
48 73 17
89 12 5
34 31 12
12 70 1
95 84 9
93 91 13
81 31 8
3 41 18
76 49 9
11 29 16
24 64 2
84 78 9
4 23 15
84 70 12
9 67 10
63 86 19
61 54 16
98 45 2
62 96 13
57 17 12
70 99 13
23 57 18
19 24 9
78 95 3
65 44 14
10 32 18
54 1 16
15 34 8
99 21 9
21 27 12
73 61 11
92 89 10
79 10 19
2 77 1
42 39 19
31 17 2
84 25 10
8 50 12
84 52 19
24 38 12
95 11 14
93 55 8
37 11 14
44 88 16
63 91 12
8 93 4
46 11 19
87 36 4
70 30 15
10 21 5
42 14 15
70 55 14
39 12 1
9 85 1
73 57 11
54 64 1
20 65 12
63 35 1
58 84 11
11 53 2
49 68 5
37 12 16
85 64 3
61 82 17
60 70 18
90 18 2
84 50 19
16 69 4
1 46 5
0 90 7
59 51 8
6 29 2
4 17 1
96 98 16
34 15 17
58 71 4
63 24 1
74 66 4
40 82 17
84 27 5
39 36 5
43 62 16
62 72 9
18 63 4
45 21 9
0 49 7
52 61 15
49 81 2
16 58 6
79 18 16
15 77 15
52 41 15
31 21 15
45 64 17
24 79 19
76 33 3
37 97 15
95 99 7
96 24 5
46 78 12
85 59 15
38 73 17
85 50 5
63 43 17
50 59 13
2 71 3
7 59 1
9 96 12
70 50 14
52 30 18
99 46 7
95 76 10
70 2 17
98 32 15
79 49 3
13 48 18
78 90 4
94 89 8
39 94 13
87 91 2
9 74 12
33 96 12
94 92 12
7 0 7
64 10 7
65 39 6
69 55 11
58 96 10
79 77 18
16 78 19
23 76 17
7 94 8
51 60 2
34 77 17
8 55 14
20 82 1
79 76 9
79 23 8
0 45 7
52 37 2
78 68 13
13 41 9
46 88 17
24 23 5
60 99 9
58 92 10
48 22 17
83 99 5
50 10 19
8 2 17
27 29 4
25 78 18
14 47 12
46 60 5
77 33 4
51 22 9
38 28 2
20 39 12
72 42 12
89 65 13
83 6 3
24 70 13
10 95 14
56 55 18
59 18 11
90 72 1
28 13 13
80 2 12
38 21 4
30 43 17
39 45 19
44 30 9
91 33 3
10 80 8
67 97 5
50 98 17
6 37 9
3 69 3
95 24 12
83 9 9
4 27 11
65 85 5
26 48 10
15 87 14
28 42 12
21 60 11
32 91 1
26 30 17
67 73 16
73 19 19
60 72 4
22 92 7
5 25 1
97 52 17
61 52 13
62 94 15
35 32 17
81 92 16
32 40 5
16 77 9
98 96 8
10 90 2
2 78 19
54 39 1
15 60 4
46 63 3
86 59 17
80 86 17
32 48 6
16 62 5
49 74 6
10 52 12
97 77 9
18 65 9
21 54 9
52 60 9
63 70 6
96 76 5
6 74 4
32 73 2
49 41 19
70 29 9
18 66 10
89 51 10
6 84 19
51 56 1
6 34 18
94 26 14
27 55 10
8 82 12
77 97 2
79 91 14
65 28 1
49 71 12
90 13 12
79 46 3
98 95 2
72 60 11
59 20 13
43 89 10
53 93 14
38 12 5
90 23 10
39 25 14
34 89 6
95 13 12
7 92 15
29 27 8
15 18 19
77 18 4
99 74 7
56 54 10
15 64 7
1 86 19
21 33 8
9 64 12
4 32 12
4 52 2
71 65 11
81 95 3
62 3 16
23 17 12
62 40 5
8 21 5
79 22 7
39 24 12
88 82 6
48 67 5
14 60 18
10 30 11
50 32 9
48 24 18
18 5 7
54 41 10
69 75 5
67 64 12
15 3 13
54 52 4
9 2 18
84 72 18
27 82 15
17 2 17
1 39 9
70 78 15
11 75 16
92 26 16
44 12 6
63 10 4
31 89 6
44 68 6
66 63 12
55 0 11
64 74 15
47 14 5
72 21 6
13 29 4
4 88 4
27 6 14
24 88 12
93 1 14
63 49 15
36 30 17
29 46 17
16 44 17
99 97 7
87 41 16
48 92 11
27 11 13
21 70 12
22 85 5
99 93 9
5 18 16
68 92 14
77 15 6
0 29 18
95 26 14
35 90 15
63 58 18
24 40 13
28 45 16
61 29 12
26 0 8
40 85 7
71 62 10
88 3 12
51 58 13
37 29 14
70 90 4
72 43 11
18 49 11
8 67 17
86 64 2
39 9 4
44 43 15
92 43 8
42 79 11
31 42 9
60 73 8
18 78 13
41 91 7
0 71 6
39 74 8
38 84 6
34 70 13
3 27 9
16 96 14
48 79 14
70 84 14
72 34 4
99 33 5
87 68 19
54 70 10
16 91 19
34 57 18
9 32 6
0 43 2
11 97 16
56 67 15
49 5 9
71 29 2
81 96 16
71 99 10
20 35 14
6 11 12
72 71 17
67 54 1
66 89 4
47 40 1
75 10 17
23 21 8
95 54 8
55 93 14
44 55 3
59 14 13
14 51 18
24 33 5
44 96 18
41 92 2
24 61 2
31 27 9
90 94 15
20 59 5
62 44 19
39 2 18
35 46 11
3 59 12
23 60 6
13 36 8
23 42 19
3 50 2
12 51 8
45 80 16
62 60 9
57 48 15
75 87 8
78 70 14
56 81 15
50 16 5
20 34 7
9 35 9
72 50 13
31 39 12
87 97 13
1 93 3
77 38 1
85 30 5
3 54 5
33 45 10
28 69 8
58 45 4
40 47 12
17 85 19
73 81 7
4 55 9
79 61 18
20 92 17
89 72 11
36 98 9
8 72 17
91 62 19
40 83 9
99 12 15
52 58 11
64 80 7
44 91 19
92 44 16
75 48 17
6 88 2
47 62 7
86 94 11
59 15 11
35 69 17
79 28 19
35 3 9
84 76 17
43 25 9
48 4 12
79 74 19
62 34 9
44 28 4
69 49 14
1 15 16
98 71 8
13 89 1
50 11 5
99 32 15
96 63 8
40 51 17
7 33 3
95 56 11
19 38 4
50 1 12
55 6 10
32 90 4
8 68 2
47 78 1
89 13 13
83 81 18
55 20 11
86 16 8
82 42 7
96 79 12
86 12 14
47 36 2
18 51 19
90 14 10
46 73 17
0 55 10
19 39 9
26 82 10
8 18 19
92 84 8
78 12 18
84 7 6
53 82 10
29 77 11
26 65 11
73 20 17
21 32 18
71 87 17
1 47 5
97 84 3
17 84 19
57 90 1
67 23 7
70 68 3
26 84 7
31 60 17
40 13 11
80 6 18
83 91 4
56 1 13
65 51 8
22 64 18
15 4 3
30 15 6
70 25 8
49 2 17
98 60 16
23 11 16
36 71 16
60 97 4
78 84 4
26 74 18
25 19 17
46 27 13
10 40 16
1 98 16
66 26 6
46 99 16
75 30 13
86 5 11
3 26 9
42 62 17
87 3 9
86 35 12
33 8 1
55 95 1
57 25 7
88 20 10
10 63 7
64 62 6
67 31 13
18 10 18
39 28 13
18 74 14
33 51 9
5 30 14
96 8 2
17 70 8
74 20 8
2 53 16
0 61 17
33 36 2
23 64 1
25 53 6
41 9 19
70 19 9
2 65 12
85 38 8
23 91 10
47 6 5
27 16 4
26 60 18
95 6 17
5 67 10
16 97 10
74 83 14
30 81 17
27 21 16
31 84 2
66 83 8
41 16 17
28 54 7
72 22 12
66 15 8
21 92 16
13 44 5
93 39 16
52 48 16
60 7 9
14 94 7
94 88 15
14 62 17
22 86 1
12 47 4
32 70 1
7 63 4
84 9 2
80 34 8
88 98 18
17 95 7
20 46 13
27 58 8
39 5 10
76 30 10
33 92 9
20 50 17
92 96 6
43 74 13
72 69 8
12 54 14
50 24 10
5 43 4
71 93 19
38 75 17
0 24 3
92 35 14
24 77 16
16 27 6
49 8 15
50 92 14
24 0 12
82 93 17
84 22 4
22 68 11
64 38 4
66 77 10
78 46 9
83 10 14
62 68 2
65 71 8
14 15 18
49 78 4
51 93 10
63 53 3
14 27 4
15 85 19
87 81 8
48 5 17
66 34 4
33 0 11
74 40 16
20 40 16
45 60 9
89 63 15
97 82 9
63 31 8
10 41 2
56 79 7
13 46 12
36 27 7
54 96 3
40 38 10
0 13 14
61 59 8
98 11 19
4 26 9
77 80 3
66 49 6
70 86 13
75 27 2
60 82 17
13 84 13
52 97 15
85 51 16
84 42 3
73 84 1
81 46 19
98 12 13
44 16 14
83 67 15
79 98 11
79 67 1
42 8 4
60 4 19
42 74 6
61 68 10
86 43 5
72 15 14
97 22 14
95 23 5
84 40 16
52 39 16
22 46 19
63 39 15
14 85 1
85 24 19
80 81 1
29 35 2
5 83 3
26 51 7
16 89 17
37 5 12
52 89 5
16 90 11
27 8 6
65 54 14
76 58 12
89 16 19
0 93 19
78 65 9
54 14 16
82 29 8
41 49 13
66 42 17
96 97 13
63 21 17
45 32 12
5 90 19
45 92 18
30 89 19
82 31 2
51 94 17
37 50 3
21 84 4
11 0 6
7 76 2
33 20 17
80 13 7
6 31 19
16 64 17
58 82 6
58 10 12
64 84 16
27 19 4
56 10 18
51 76 2
65 72 16
59 25 9
29 89 19
2 22 6
41 78 9
75 31 13
56 43 11
53 5 12
79 87 14
89 78 10
77 48 8
37 79 10
50 44 17
20 13 11
85 80 2
63 3 4
79 8 1
42 70 10
24 91 7
6 41 2
95 33 17
47 89 3
55 38 18
6 68 2
27 68 13
36 14 17
3 43 1
28 77 5
44 94 2
95 20 8
76 75 9
41 82 7
83 24 12
85 73 11
12 75 1
36 51 9
63 33 16
53 12 17
93 16 5
96 62 11
82 33 2
29 78 4
70 23 15
14 35 15
72 78 4
5 57 4
39 89 13
32 37 10
47 13 3
28 57 19
6 67 10
97 32 5
30 19 18
22 18 5
50 48 8
32 2 4
10 84 8
57 70 13
15 56 5
64 73 2
43 86 2
82 1 19
97 41 4
6 19 19
49 94 1
41 87 16
97 16 19
51 44 6
12 59 1
89 79 16
55 44 18
26 18 7
85 66 17
6 97 1
8 14 13
35 20 5
47 12 5
53 50 19
68 88 1
26 95 3
84 23 5
72 2 10
97 72 10
21 69 3
85 83 5
54 57 3
31 44 17
50 94 10
83 15 10
9 14 3
12 29 1
89 74 17
67 84 4
34 42 15
46 3 11
62 10 2
77 67 16
95 5 6
20 57 15
35 71 7
63 69 19
15 50 16
10 58 5
94 53 12
71 51 1
13 22 4
93 35 3
98 93 16
34 21 17
79 0 16
16 42 9
64 63 6
63 18 9
33 24 10
89 24 4
30 93 1
13 98 14
47 66 4
87 65 2
74 5 9
20 98 14
3 80 9
41 84 9
16 26 12
79 82 3
97 23 7
98 88 11
19 0 4
30 59 16
17 77 13
90 80 9
71 97 10
71 45 2
6 45 4
67 36 16
91 69 5
13 25 7
60 74 9
43 22 5
89 22 5
28 37 14
71 38 15
22 7 19
6 21 12
54 42 6
85 91 1
90 21 2
52 57 15
0 11 10
72 32 7
36 81 19
94 91 19
22 57 14
20 14 12
91 45 15
74 9 2
93 79 19
38 32 5
71 47 19
30 21 15
2 52 9
65 25 8
95 73 17
34 76 1
82 77 16
44 46 18
48 90 11
84 17 7
74 45 14
52 55 10
76 78 9
68 59 16
56 2 15
10 39 18
69 89 6
6 66 1
21 62 19
31 54 18
30 67 11
2 35 7
38 52 3
79 13 2
30 44 16
59 74 8
12 26 2
46 56 19
44 31 16
97 0 12
76 46 17
81 2 4
76 94 8
35 40 10
76 53 8
69 53 10
25 41 18
1 85 4
71 26 4
11 74 12
62 29 12
49 89 14
17 31 14
81 49 13
83 97 2
58 56 8
1 18 14
14 54 9
76 22 16
57 54 19
79 66 6
32 55 17
12 87 2
12 22 4
4 62 6
26 76 6
68 37 7
96 43 4
36 75 2
1 26 1
58 27 14
67 60 14
82 11 6
49 98 11
78 66 11
40 66 17
59 54 3
81 39 7
28 12 12
60 24 2
60 37 13
59 55 11
81 21 7
72 68 13
74 86 19
8 9 13
82 47 11
39 72 2
59 35 13
6 72 17
59 26 12
39 55 9
88 68 8
66 36 11
53 43 12
87 99 15
47 4 18
43 34 19
10 88 3
86 37 10
55 59 16
78 33 16
49 50 14
5 26 2
74 29 14
75 45 13
54 44 15
48 34 1
24 8 3
64 44 9
64 54 4
12 30 3
9 12 7
21 2 18
9 92 9
98 41 9
76 41 11
29 3 15
78 67 11
97 4 4
34 54 12
79 93 16
84 92 5
20 90 14
44 47 8
70 54 19
48 3 9
84 67 8
71 95 13
72 49 4
50 90 3
96 48 6
73 53 6
87 22 19
47 32 14
23 32 13
15 81 10
8 51 1
37 82 6
28 82 17
11 68 10
45 9 14
73 32 1
98 15 7
70 71 18
3 53 3
84 37 16
65 66 4
62 90 10
7 73 11
36 63 5
23 25 14
17 35 1
81 44 1
36 32 16
99 73 8
36 49 17
5 96 1
69 31 6
56 59 14
31 24 11
27 44 11
69 26 2
81 77 7
81 12 17
41 24 17
23 26 14
48 27 17
26 83 14
51 63 14
19 7 19
96 16 18
91 17 12
77 81 19
74 18 13
49 34 7
92 81 7
24 95 16
94 70 13
2 20 2
21 71 9
18 60 9
39 31 3
17 60 13
40 6 4
73 68 19
75 43 17
53 49 7
58 77 7
63 85 2
31 10 17
60 85 4
39 96 1
94 24 17
47 56 13
93 74 12
71 37 9
47 51 14
78 74 10
51 72 16
44 7 3
56 77 11
91 29 11
59 97 2
80 71 18
21 41 12
2 74 18
77 26 7
84 19 1
7 36 7
17 36 6
15 65 14
22 53 3
24 26 7
39 86 16
53 36 2
84 41 17
62 33 4
28 39 1
23 93 17
44 10 17
7 69 11
45 57 7
56 99 15
65 14 3
88 2 15
42 46 4
61 39 3
98 89 17
35 41 15
29 10 6
65 75 1
38 90 3
73 59 4
31 72 12
8 43 16
78 10 4
89 28 6
21 48 12
26 46 17
56 74 9
65 99 6
91 32 15
66 69 13
22 77 10
16 82 9
68 12 9
57 10 4
21 94 2
16 53 7
61 13 8
45 65 1
2 93 2
97 74 5
27 88 7
93 7 8
57 82 10
20 36 16
60 93 8
9 13 12
44 62 2
94 32 16
44 8 13
12 48 7
62 73 14
6 99 3
43 19 18
25 30 4
1 67 12
25 72 16
78 36 9
39 62 18
54 75 15
85 15 4
25 90 15
54 73 17
97 47 11
88 26 11
44 98 12
59 62 8
95 0 13
57 77 11
26 16 15
95 3 13
22 36 1
79 56 19
12 23 5
82 63 19
66 97 1
28 68 13
78 61 18
6 24 17
18 77 5
16 86 17
4 22 14
72 10 8
2 43 17
87 96 3
87 7 17
62 82 15
82 69 4
97 60 5
95 55 11
71 96 14
71 91 18
87 5 8
34 33 18
58 30 1
59 44 14
35 60 1
60 63 2
60 52 10
31 50 8
96 81 5
36 56 14
11 57 16
41 1 10
82 37 12
93 75 16
91 68 13
50 36 9
15 95 3
82 18 7
5 35 2
29 9 17
52 64 4
49 85 12
14 99 15
58 60 9
91 4 11
58 2 10
36 61 1
77 73 2
99 65 16
11 46 19
9 30 15
77 56 14
53 32 4
90 22 9
69 29 19
36 20 17
95 36 10
17 1 18
32 89 16
37 40 2
99 85 10
91 24 8
5 29 1
8 16 3
36 33 15
32 42 5
96 51 6
75 66 15
39 79 15
6 47 19
84 80 3
75 37 18
18 47 14
51 82 17
84 14 17
72 55 4
44 23 1
99 94 12
84 33 8
66 9 10
8 91 15
10 86 18
66 92 3
91 73 13
74 37 8
54 19 11
74 53 8
21 10 17
72 27 19
18 56 7
50 51 5
29 84 10
4 51 3
78 7 18
29 25 3
90 68 19
11 37 11
88 60 2
1 43 16
24 29 2
76 85 17
10 56 9
29 96 4
43 24 2
82 71 3
87 38 17
21 57 6
0 58 17
46 38 12
87 45 11
34 27 1
37 55 12
49 54 11
42 89 4
49 39 3
85 88 17
74 78 3
57 67 13
12 9 17
21 87 17
69 46 14
8 90 4
26 98 2
76 69 16
54 79 1
61 23 9
94 62 14
71 57 15
47 93 10
93 52 15
75 14 5
55 71 14
25 66 19
9 87 2
72 85 7
73 88 12
37 18 1
83 41 12
90 85 4
32 99 9
77 99 12
63 93 9
50 61 9
94 0 1
40 69 16
16 52 12
91 87 10
10 0 9
17 15 8
90 43 6
96 9 13
6 89 4
29 2 1
5 50 18
86 4 3
85 5 6
18 25 10
95 15 3
58 32 2
19 71 16
4 89 2
67 81 18
18 22 3
67 85 17
92 7 8
43 3 11
29 55 1
46 71 3
56 12 9
17 30 10
39 20 1
17 56 6
95 14 17
42 31 8
52 28 19
86 60 2
17 96 2
23 35 18
99 60 3
1 32 3
33 35 4
99 71 10
67 33 7
98 3 3
3 24 17
55 82 3
91 31 14
42 32 1
86 67 8
96 58 6
70 41 5
36 50 19
50 12 7
35 23 4
80 36 11
11 2 8
43 87 1
16 19 5
2 29 14
60 78 12
90 20 6
39 15 13
41 52 15
15 72 10
66 38 4
3 61 12
17 49 14
44 26 2
79 6 1
98 70 7
96 95 15
33 32 9
73 40 3
68 76 18
53 69 4
0 97 4
76 89 7
38 26 9
86 41 14
53 20 15
19 26 17
52 26 12
52 51 10
23 86 14
57 12 2
42 73 19
69 17 6
64 89 3
94 98 18
93 48 6
4 59 5
93 9 10
19 74 17
82 57 16
34 0 1
19 23 3
51 6 5
13 40 2
25 83 14
93 53 5
89 3 19
32 86 9
76 25 1
48 63 10
67 8 5
46 66 19
74 17 5
71 68 18
93 28 1
40 42 13
65 92 8
38 58 11
89 58 6
45 70 10
15 31 11
85 77 5
98 7 14
37 33 2
93 6 10
70 4 4
35 93 7
15 90 2
54 38 5
36 72 5
50 2 4
15 78 4
32 23 5
56 31 10
58 18 15
53 31 9
56 95 1
33 28 3
39 16 5
96 53 1
87 64 13
99 51 9
34 44 5
32 57 7
23 50 6
1 6 13
94 41 4
96 94 19
39 92 13
89 85 14
13 51 17
48 14 4
95 59 5
58 65 7
1 78 1
68 34 6
27 34 7
36 43 17
20 22 14
85 67 2
92 58 5
25 95 6
75 33 17
50 38 7
4 43 8
71 54 14
33 62 5
89 96 1
16 31 16
48 21 2
63 79 19
30 66 4
60 51 14
38 79 12
83 70 3
74 33 13
78 29 16
78 27 17
60 29 4
40 72 2
74 35 5
30 25 13
32 26 19
96 87 1
41 18 7
67 62 8
23 5 15
43 0 19
93 43 2
65 97 2
48 43 17
51 54 18
61 69 1
93 70 10
44 63 1
40 25 19
41 70 8
33 84 8
66 86 13
86 29 13
72 59 7
21 1 10
43 45 8
44 1 1
39 59 16
94 61 11
52 72 7
59 9 17
70 16 8
1 64 6
1 66 9
57 84 8
94 6 14
95 71 16
43 35 1
27 30 6
19 21 1
32 50 3
65 16 1
47 69 5
59 24 18
10 81 12
6 93 17
43 26 2
79 50 9
70 64 6
63 92 12
62 98 6
76 47 16
54 88 14
41 7 12
57 26 8
55 81 13
34 61 10
2 89 9
20 64 14
89 21 15
67 25 2
35 43 19
32 53 2
27 70 17
3 25 19
29 75 19
61 60 12
37 24 2
36 25 16
46 44 15
83 32 19
34 86 14
5 42 8
51 11 18
4 36 7
25 0 1
39 11 17
90 53 11
90 30 16
49 30 9
43 85 10
57 62 12
8 42 12
5 66 15
14 18 19
9 98 8
21 8 3
91 21 14
73 62 12
91 36 18
56 72 7
84 30 14
71 23 6
58 54 14
68 7 16
14 40 11
34 25 1
31 47 7
40 54 15
63 29 9
33 71 15
77 17 2
23 39 17
80 37 5
96 65 5
80 53 6
86 72 11
88 46 2
66 11 17
87 48 16
98 61 7
6 22 7
81 61 11
2 90 5
82 17 12
28 18 19
98 35 9
59 21 16
57 79 15
45 0 16
45 89 7
76 23 9
1 11 17
68 13 15
10 75 5
63 88 10
84 98 16
47 91 1
70 6 9
24 20 14
84 89 12
41 39 7
93 3 16
29 43 9
96 3 2
49 40 17
43 6 2
34 59 13
54 50 12
31 2 19
83 94 5
10 5 12
94 60 15
13 54 3
96 49 11
9 61 3
52 74 15
97 29 17
92 1 8
52 20 4
55 98 5
80 90 1
72 94 15
8 23 16
48 10 16
46 34 3
13 97 6
84 51 12
49 14 16
41 32 4
67 27 3
45 56 8
99 20 8
35 91 13
7 88 10
70 83 3
7 12 3
39 63 12
42 53 2
85 20 4
67 95 7
65 79 3
10 46 19
98 62 5
88 56 7
36 62 3
98 17 7
50 81 8
78 83 9
2 82 7
39 65 8
72 19 1
12 45 7
4 45 1
87 66 6
17 78 8
95 68 5
47 85 7
46 84 7
27 33 1
37 66 3
77 75 14
11 47 12
15 91 14
60 16 19
77 93 19
5 89 10
78 59 6
59 70 13
0 25 15
93 96 19
35 17 13
17 55 19
14 78 15
86 40 4
93 99 9
15 2 1
98 34 6
60 33 1
87 42 10
15 39 7
40 58 18
47 18 4
35 47 9
42 26 4
73 80 16
33 4 10
6 40 8
75 49 3
52 82 4
45 15 8
82 65 9
3 34 7
83 43 1
50 68 10
66 56 12
77 22 10
61 72 12
55 64 9
15 17 19
59 23 14
33 40 13
41 47 3
13 38 13
95 52 11
51 48 9
47 82 14
6 63 15
49 3 19
87 0 3
33 94 7
95 19 18
51 43 3
2 92 17
85 76 9
84 16 7
99 90 11
55 68 15
6 87 3
3 30 17
18 29 4
7 95 18
99 54 5
10 69 1
41 51 17
12 15 12
55 73 19
64 11 6
72 18 9
15 80 5
11 3 6
78 2 10
71 59 4
45 37 18
16 46 6
68 28 7
92 12 19
96 60 3
23 77 1
90 38 6
4 94 19
42 82 19
32 39 5
75 36 1
87 28 6
4 70 13
99 30 15
77 50 18
39 46 11
20 73 16
75 8 4
86 99 3
17 74 15
65 49 11
3 21 10
3 81 14
50 80 17
21 25 3
84 18 16
18 26 9
43 15 9
6 23 17
24 44 1
34 29 4
20 7 2
75 15 13
80 26 3
53 80 17
9 39 6
80 62 11
58 0 4
96 72 8
24 6 7
13 4 3
54 86 13
5 33 12
37 69 15
36 5 6
10 33 19
86 47 3
43 33 10
36 67 19
73 3 7
88 6 8
31 73 7
4 16 11
97 30 13
87 13 5
48 56 13
63 0 18
90 84 5
60 42 11
1 94 3
29 38 2
74 81 5
77 1 2
42 71 13
10 49 2
81 17 1
64 6 17
44 18 14
80 32 5
60 11 10
61 77 15
84 75 3
80 29 9
34 97 19
20 96 5
88 5 16
93 98 12
6 38 16
62 52 2
55 17 18
11 71 6
53 16 16
42 7 10
1 92 15
45 87 4
39 80 8
93 78 10
52 36 11
20 93 13
42 43 7
73 85 9
46 26 17
18 69 1
6 55 2
81 80 12
9 76 14
65 5 13
38 59 7
20 5 2
68 27 7
41 34 12
50 27 1
81 78 10
85 89 9
5 77 10
60 13 19
63 90 5
19 34 13
81 36 13
60 59 8
41 61 18
91 81 16
8 58 13
72 48 6
12 68 4
35 18 3
94 50 2
91 82 3
95 75 9
5 72 14
13 91 12
1 76 7
1 50 2
8 70 9
46 81 15
50 87 11
43 64 6
90 8 9
66 7 13
94 16 4
75 71 12
30 35 17
14 79 9
5 9 11
28 4 1
68 43 8
59 46 18
27 53 15
92 8 12
81 60 19
57 33 6
78 87 8
67 57 16
70 69 13
18 7 9
47 1 6
48 82 17
91 59 11
32 4 3
17 47 11
5 82 11
16 32 9
4 96 3
94 11 10
99 26 3
53 62 2
82 66 19
57 72 10
78 14 18
17 37 7
72 88 8
36 88 16
56 41 8
87 92 14
99 76 14
45 98 15
41 88 6
91 96 1
11 90 8
33 85 11
84 79 4
67 61 2
90 52 8
45 35 11
30 18 9
74 16 8
97 71 16
81 28 14
15 55 7
84 55 13
22 94 5
51 57 5
64 39 15
63 48 11
3 60 11
36 38 8
57 5 12
47 79 11
67 51 6
89 59 4
92 53 7
40 18 11
98 24 2
77 90 12
43 36 5
87 51 15
51 20 14
32 0 12
66 55 9
39 84 3
74 93 17
48 93 15
7 90 7
81 76 7
34 98 6
0 16 17
42 41 14
70 61 17
81 85 19
26 56 12
97 17 2
13 28 16
63 5 12
88 78 17
28 78 17
85 2 5
89 62 15
40 14 1
85 79 13
47 39 13
22 72 9
22 61 3
23 78 1
34 40 16
97 12 9
78 23 14
15 27 16
17 9 14
74 28 14
12 72 10
42 51 18
7 26 10
41 79 15
92 63 13
28 16 13
99 68 4
47 97 12
36 7 11
81 91 19
54 9 12
23 61 2
89 76 16
6 61 3
10 9 3
57 59 14
29 13 4
50 63 19
22 11 6
35 58 14
72 31 10
10 57 13
53 34 6
45 39 12
22 55 11
43 48 12
85 44 15
15 47 10
24 12 7
3 15 5
43 2 6
62 86 16
8 94 11
36 73 16
67 88 10
38 98 2
18 80 2
23 94 1
49 25 11
53 77 12
37 45 9
90 64 11
65 19 19
83 8 10
1 2 19
73 78 17
25 55 3
29 33 9
84 49 6
58 33 19
92 99 12
90 19 15
14 28 7
43 30 15
52 81 3
3 0 13
79 75 9
84 10 19
35 28 2
16 23 3
72 53 17
81 5 14
73 38 10
80 9 2
78 49 15
18 83 5
97 3 12
65 11 15
54 20 4
41 65 6
51 33 2
98 54 18
94 76 2
6 57 16
26 47 7
10 3 15
10 97 9
21 97 2
78 93 5
99 50 12
54 91 8
96 64 15
91 1 16
69 79 5
75 6 2
42 23 4
64 15 17
60 44 13
84 83 18
73 83 13
45 34 19
77 86 10
67 45 8
11 26 10
35 25 11
93 82 7
17 87 16
73 63 3
10 20 5
97 11 3
35 0 16
7 42 4
88 7 18
12 42 5
83 5 11
22 33 17
45 68 7
15 82 11
57 45 10
6 15 10
68 73 4
85 82 4
15 57 2
99 43 17
12 18 9
55 35 12
94 51 12
31 81 12
89 43 12
57 29 15
28 24 17
65 59 16
34 45 2
85 97 17
62 25 4
55 53 12
18 30 9
44 13 4
95 70 17
0 96 16
91 66 6
12 31 8
0 59 12
91 43 17
99 35 11
64 42 19
89 88 6
21 91 16
51 69 2
82 24 2
21 50 3
21 37 18
89 56 19
42 61 10
15 35 4
65 12 1
60 77 15
82 13 1
73 64 6
77 63 15
14 4 1
85 57 2
51 8 12
68 36 17
23 55 12
62 32 17
5 34 18
57 50 16
5 31 4
45 30 2
17 61 9
68 96 16
85 42 13
33 52 3
45 51 4
8 22 5
27 95 2
94 52 4
25 59 3
42 9 6
25 1 11
24 52 11
51 66 15
96 92 14
19 11 1
96 46 11
82 48 14
55 28 14
30 95 1
23 15 17
25 85 11
42 22 1
53 37 8
59 7 19
95 82 8
53 27 18
73 89 3
78 44 13
18 71 4
30 85 2
64 60 13
93 66 9
23 6 10
37 81 11
53 48 5
87 24 5
86 32 11
4 87 14
11 38 5
99 86 2
17 80 1
72 84 16
49 36 1
80 40 14
92 34 18
50 83 3
71 7 3
21 19 12
60 1 1
78 40 1
3 44 1
40 41 14
48 70 6
5 98 4
10 6 2
51 91 19
16 6 4
88 69 13
87 71 3
91 7 4
67 89 14
60 0 12
72 35 15
49 29 14
32 77 8
8 62 3
40 55 19
7 45 3
59 95 1
31 40 4
97 36 12
57 94 16
38 91 11
98 31 10
24 16 11
71 94 10
8 24 12
33 44 7
43 28 16
97 15 15
79 65 7
85 63 13
1 87 8
55 78 4
13 74 15
2 96 17
79 71 15
21 89 2
10 47 15
22 21 4
73 87 19
47 75 15
67 71 12
2 73 16
61 94 14
67 90 16
5 62 11
36 85 13
73 34 18
79 95 19
97 10 16
37 30 9
54 15 17
64 78 7
37 21 6
22 90 13
56 5 15
0 75 16
82 98 3
99 6 8
38 42 15
55 62 8
8 56 4
79 86 5
36 15 11
32 21 4
95 87 5
21 82 19
59 73 1
20 23 16
93 21 14
42 98 7
49 28 1
25 5 6
55 54 11
78 76 12
89 50 8
58 9 5
22 81 19
38 17 7
5 46 8
97 24 16
92 61 1
68 63 7
54 89 1
21 40 16
89 36 4
46 2 14
30 72 4
88 67 2
94 65 11
67 94 16
75 39 14
28 26 11
64 2 19
71 8 13
61 6 17
76 6 11
69 41 13
42 0 9
32 87 18
70 67 10
31 94 19
70 24 15
92 28 17
89 48 1
7 16 7
37 61 10
70 98 3
3 84 5
73 15 3
64 37 11
31 79 12
20 44 1
38 92 18
99 57 13
75 32 9
70 93 1
80 30 4
48 81 16
97 86 11
61 1 15
8 52 14
55 90 6
47 65 5
78 75 11
58 51 4
70 89 4
26 55 4
18 34 15
74 97 13
34 22 19
87 9 5
26 57 12
59 69 7
67 98 11
64 21 5
25 6 4
50 66 17
46 19 13
2 1 18
55 10 3
13 19 9
8 40 12
70 7 11
73 67 13
98 76 15
3 42 6
19 4 12
86 62 17
40 44 18
66 35 3
56 18 5
87 34 7
91 86 10
66 52 8
67 41 11
70 85 17
11 48 5
84 81 9
14 81 14
89 97 2
59 90 1
54 34 18
20 19 18
0 88 17
0 99 12
22 16 2
23 49 9
55 70 17
54 27 14
62 78 4
82 80 7
95 94 9
3 46 4
19 47 19
74 92 9
68 72 14
2 11 12
50 18 11
69 34 19
14 59 19
50 67 16
36 78 2
31 71 13
59 4 13
63 28 19
87 29 9
4 81 14
23 54 5
7 46 3
85 68 1
73 47 1
12 71 11
90 73 10
6 94 13
91 26 1
15 96 11
56 84 13
66 16 1
99 4 18
12 0 8
57 42 10
32 16 15
53 78 6
65 56 6
35 6 5
45 10 12
11 58 3
23 52 10
65 13 16
14 46 16
56 33 19
74 10 12
81 43 7
82 91 8
4 58 4
24 99 4
99 31 10
42 29 5
68 82 7
2 13 13
81 68 15
27 94 13
56 16 11
44 38 9
41 30 4
37 25 4
74 24 6
80 56 12
75 80 14
92 62 5
42 50 6
24 92 4
1 9 6
58 81 13
68 44 1
77 6 6
77 27 10
97 95 16
65 68 2
5 52 5
85 52 8
95 32 17
79 53 2
40 86 14
63 67 16
44 71 19
40 81 16
20 67 11
50 62 3
63 55 6
96 25 16
74 13 8
40 3 2
39 13 5
30 77 1
94 1 13
63 56 13
34 50 1
32 34 8
34 48 18
85 39 18
97 25 17
54 37 16
87 35 19
28 0 9
28 25 11
42 20 15
28 50 2
62 12 11
43 5 15
64 71 4
37 0 13
84 0 15
33 12 15
43 13 4
20 31 3
75 23 14
40 19 2
82 36 17
83 72 12
16 68 8
95 86 17
71 20 8
24 22 17
37 62 6
39 4 15
95 78 12
26 44 14
51 79 7
3 47 15
44 21 3
53 95 3
22 49 4
77 57 14
34 91 5
20 60 15
68 20 16
56 21 5
19 49 10
89 69 9
51 55 9
34 72 3
76 15 9
14 38 4
43 21 14
52 31 10
81 35 2
16 10 1
83 98 17
62 9 11
58 67 11
51 83 3
8 75 12
8 46 3
3 75 1
49 22 1
41 20 11
24 75 19
77 88 8
33 49 16
3 36 13
26 72 13
68 38 14
93 85 12
63 41 11
39 41 7
85 7 7
85 23 19
90 76 4
5 88 3
33 82 1
12 35 9
19 65 10
8 33 6
80 45 4
22 19 9
49 92 16
50 71 19
25 17 17
44 92 8
65 60 9
47 90 10
59 80 3
15 14 2
68 70 5
7 97 12
34 65 4
44 60 1
50 37 17
43 92 4
61 40 14
78 38 10
31 3 19
82 96 1
83 63 18
72 20 1
73 2 13
46 35 17
50 89 13
79 94 1
34 53 1
55 65 11
9 17 13
9 24 6
37 47 10
44 65 8
41 81 6
73 31 19
64 27 1
16 12 13
29 92 3
19 55 16
51 87 1
83 59 13
70 33 11
50 39 17
3 31 8
81 63 12
12 4 5
38 62 14
84 95 11
62 48 7
43 69 7
60 30 9
92 14 10
21 47 10
45 90 4
73 5 5
80 99 15
3 40 2
76 95 8
58 70 16
97 19 12
36 89 1
43 7 3
85 56 8
59 30 10
77 69 15
47 11 16
33 91 4
40 29 8
72 80 5
33 58 19
39 67 17
63 52 12
76 43 7
19 93 7
88 54 9
91 88 16
37 70 17
93 67 12
2 72 16
60 17 16
89 9 19
35 63 19
73 0 19
40 53 16
62 37 8
65 58 8
45 75 19
16 61 10
36 55 16
35 72 10
20 15 6
56 92 7
83 36 13
43 77 10
24 85 16
34 9 19
59 88 11
8 76 8
49 97 14
84 56 15
92 32 8
68 0 10
75 99 11
35 19 8
67 65 9
19 88 4
41 6 2
57 92 13
39 76 1
11 31 2
53 9 18
56 28 16
5 28 14
74 50 18
87 67 15
99 69 14
97 39 11
57 4 16
56 48 2
56 34 6
27 78 1
77 66 16
60 76 4
51 92 10
94 44 9
1 35 10
56 52 15
23 70 1
78 82 17
43 66 1
78 69 9
50 43 18
42 95 10
20 8 17
50 85 15
6 65 7
43 18 16
78 45 10
13 77 15
18 39 17
18 24 5
96 61 9
73 8 10
10 50 4
31 80 12
2 66 14
61 64 10
47 9 17
51 68 17
36 26 2
94 36 14
99 48 4
37 9 14
4 77 15
96 26 15
84 59 1
66 74 11
84 6 11
45 72 2
18 17 18
40 22 1
50 41 18
71 74 7
68 3 18
32 96 19
96 88 6
36 79 2
92 16 10
23 58 15
6 80 2
45 23 7
23 9 12
70 43 19
1 41 2
64 95 18
37 13 9
64 51 9
66 51 19
16 40 2
45 40 1
99 7 3
39 66 1
76 18 11
65 10 12
61 12 7
30 34 14
0 23 3
46 4 2
75 7 18
20 95 15
33 78 12
24 1 9
55 83 10
60 46 18
40 20 19
31 78 4
29 81 1
6 64 7
94 20 5
79 60 3
29 21 9
43 27 7
59 2 14
44 84 11
96 37 12
17 42 5
82 30 14
64 48 8
86 9 19
43 94 5
95 2 14
16 29 13
1 83 3
36 58 19
7 52 3
10 27 11
11 64 2
43 83 18
16 81 18
80 39 17
5 84 2
96 45 15
78 35 2
33 65 12
37 17 14
45 31 19
76 7 11
16 94 11
24 19 16
28 65 10
30 0 10
44 78 16
51 21 13
12 81 15
25 13 15
18 16 18
15 63 11
19 59 17
74 89 8
82 49 18
76 70 15
56 26 8
65 40 3
75 63 11
88 41 17
65 84 8
61 80 7
55 31 11
61 57 3
25 84 3
94 79 12
32 98 13
49 9 10
78 22 4
33 53 6
80 22 17
95 89 7
68 32 11
91 99 2
15 33 8
86 31 11
84 24 8
6 53 16
29 39 16
1 33 13
22 79 12
11 52 14
96 91 4
42 21 18
86 39 3
33 5 11
20 54 12
6 1 16
39 95 6
62 97 1
60 9 11
96 56 17
26 40 8
72 23 19
57 27 13
20 25 19
17 39 14
7 22 4
73 72 6
38 10 10
9 82 1
18 95 1
3 85 6
33 90 6
31 87 5
39 98 1
16 15 19
4 6 14
63 50 5
40 1 12
44 32 10
33 22 4
92 42 7
37 57 10
51 34 17
6 27 3
85 95 3
90 99 12
34 55 19
83 78 19
4 12 9
61 4 7
26 41 4
78 88 4
63 59 8
53 7 10
85 92 16
6 14 12
64 59 1
7 72 13
90 56 16
73 28 9
18 59 6
15 70 1
6 43 9
31 26 14
36 21 9
53 59 19
83 95 1
90 42 15
55 21 4
85 45 3
31 16 11
24 60 2
8 53 6
93 18 7
86 88 4
4 82 5
71 11 3
13 26 19
0 76 15
13 67 5
6 30 17
14 65 9
25 86 2
75 53 13
8 41 6
10 94 14
95 31 12
13 86 13
2 56 2
93 59 15
48 39 19
79 27 4
38 54 7
25 10 14
86 34 18
74 73 15
4 99 13
8 1 10
37 84 16
78 4 1
52 80 6
26 59 11
7 91 6
24 45 3
1 74 10
96 42 18
81 52 8
71 84 2
3 70 19
4 9 18
80 51 2
75 90 3
54 4 7
67 56 6
52 75 13
26 25 4
29 66 18
21 61 4
68 78 5
11 63 2
8 44 3
66 47 8
94 59 17
94 40 13
89 61 19
43 99 9
76 83 17
18 11 9
51 42 3
2 68 15
60 88 18
56 96 7
20 10 15
58 46 17
15 24 11
37 99 16
83 38 19
83 73 13
38 19 8
19 58 14
36 46 1
39 23 11
20 62 17
41 56 9
73 96 15
65 82 12
19 98 7
45 88 3
56 6 7
18 79 4
25 76 2
50 33 8
59 6 13
56 61 16
1 10 10
8 7 3
89 93 7
36 96 12
53 28 1
14 56 7
33 55 3
13 92 8
84 69 16
58 49 10
48 69 14
10 83 2
17 12 1
42 4 6
51 12 1
93 33 11
26 81 12
42 83 5
66 71 10
65 4 17
98 37 17
59 43 11
16 47 16
83 12 3
90 46 3
51 15 16
5 56 2
32 54 6
40 4 1
96 83 18
89 8 2
8 65 10
9 18 12
9 10 15
70 56 18
70 97 7
13 99 14
49 17 12
10 73 11
87 93 7
15 93 7
38 40 8
49 88 3
51 2 4
25 62 3
81 98 13
54 66 15
95 1 18
77 3 2
44 19 12
73 33 2
38 60 1
37 65 4
63 84 7
58 6 14
18 73 16
11 27 12
72 64 12
66 28 13
1 48 18
7 32 18
48 38 12
7 19 1
77 37 8
75 57 11
83 0 1
12 90 6
59 22 2
90 88 8
2 42 7
48 72 4
58 88 11
93 60 1
55 60 18
2 28 7
23 83 3
7 66 10
51 45 17
59 77 16
94 34 7
38 64 6
55 40 1
84 88 4
69 42 16
2 63 13
65 52 6
63 17 14
43 97 17
29 32 18
62 13 2
48 18 17
34 80 8
32 41 14
93 87 12
77 46 15
45 67 3
41 0 14
91 71 5
61 48 12
68 33 15
28 66 15
88 24 7
68 61 18
45 59 8
6 73 13
53 61 13
16 88 17
83 28 11
90 34 4
66 27 3
21 68 2
1 51 6
20 55 11
87 20 19
74 88 5
24 80 14
23 66 17
75 95 14
95 85 1
69 68 8
26 68 11
55 13 3
20 89 15
92 15 11
82 43 8
28 80 9
89 14 11
54 51 4
73 12 12
14 3 3
5 20 10
61 10 16
37 58 16
42 38 6
11 87 3
56 20 18
44 41 6
83 87 13
52 18 17
6 10 9
61 21 7
12 39 7
91 98 15
78 63 13
29 90 11
98 28 7
85 18 11
33 79 15
93 4 14
75 18 8
34 60 12
40 80 14
81 73 8
2 12 12
69 59 18
66 79 17
56 37 14
50 21 14
36 68 6
87 89 12
2 50 15
0 82 11
13 37 5
5 16 17
91 70 2
70 9 16
10 18 13
7 18 1
92 69 8
52 2 11
75 19 4
96 71 8
86 19 3
75 4 3
7 13 13
38 76 13
81 15 4
35 14 12
60 2 17
57 97 12
32 60 3
68 93 12
17 50 17
76 61 18
63 23 10
73 99 19
72 30 7
82 20 17
76 87 12
65 98 1
46 9 18
79 31 6
66 95 1
96 89 18
29 76 9
37 95 2
79 26 18
20 85 12
46 20 7
22 40 19
31 62 17
48 59 11
88 66 8
92 82 10
30 98 10
80 57 1
17 58 11
13 7 9
32 20 9
92 85 3
88 92 16
58 3 4
11 81 13
16 22 16
13 49 5
37 6 9
35 52 13
68 60 12
39 81 5
35 89 6
9 60 10
60 14 16
62 24 8
87 52 5
77 95 15
27 39 1
39 48 2
9 16 10
26 13 6
43 78 5
24 7 3
33 68 3
13 0 8
63 61 10
85 34 10
3 49 2
6 17 13
5 73 8
21 85 16
53 92 15
76 71 18
1 44 7
92 0 7
3 99 6
58 34 4
32 65 2
78 60 3
2 10 19
14 24 10
65 27 5
70 49 8
36 99 6
72 87 4
98 50 14
3 45 13
25 97 10
74 51 14
44 61 7
12 16 19
16 70 16
33 54 8
88 81 13
18 37 18
27 36 18
63 34 2
27 14 14
12 41 6
2 46 8
53 70 15
60 20 14
33 83 6
24 21 18
92 79 17
33 18 2
67 24 14
83 16 3
32 83 17
89 49 7
47 95 14
9 25 16
90 12 2
8 11 18
38 43 11
35 29 9
66 64 2
76 79 8
37 2 9
44 24 1
13 5 19
71 1 7
58 29 4
22 80 19
23 69 3
37 36 5
36 54 13
88 50 16
63 47 16
80 11 6
22 63 6
53 29 8
49 11 17
41 28 12
89 39 9
76 34 18
42 75 17
21 3 10
99 39 15
21 5 14
81 99 3
68 97 5
16 49 3
9 80 1
15 45 19
71 19 11
60 94 4
78 80 16
43 52 7
81 75 14
75 9 12
5 14 15
34 46 10
79 33 10
46 12 8
82 10 18
57 88 2
43 98 3
59 36 6
21 29 8
76 29 8
45 95 19
73 21 4
27 2 6
7 77 8
7 9 13
91 16 10
97 13 5
7 39 18
88 77 14
29 87 12
52 79 15
12 19 16
97 92 11
70 74 14
21 26 4
11 80 9
94 30 7
14 87 2
2 83 3
19 78 11
41 89 2
32 28 4
96 68 2
11 4 5
5 51 13
36 47 11
7 96 4
86 65 14
82 70 18
21 66 14
53 75 8
17 0 18
54 32 10
53 64 12
8 15 19
88 8 15
48 52 15
17 24 9
42 58 18
84 32 17
42 87 10
62 17 11
77 49 12
37 31 15
46 7 9
23 85 3
91 89 9
99 83 1
87 79 9
60 98 10
54 97 10
14 69 2
76 54 12
4 18 6
99 66 8
26 70 18
6 59 7
29 28 1
73 9 13
11 93 19
9 88 15
16 2 12
72 33 16
80 74 1
75 22 3
55 87 19
31 25 7
32 5 19
34 73 11
74 69 4
53 89 2
76 66 1
17 21 7
5 53 12
16 7 19
28 81 6
30 71 13
39 57 15
30 68 10
32 8 19
77 89 1
53 60 17
84 28 6
56 64 14
0 35 7
67 86 4
85 90 18
41 62 1
98 40 3
45 6 8
72 38 5
84 35 16
82 46 6
66 40 13
96 10 11
62 2 16
23 62 15
37 35 11
52 27 18
18 20 18
76 20 7
58 40 16
25 88 3
38 80 8
23 20 8
78 47 4
7 15 18
24 68 11
15 38 14
2 36 11
58 31 18
71 41 9
69 67 17
92 13 2
55 79 17
49 12 2
92 20 11
60 62 8
61 66 1
53 99 14
88 79 6
42 68 12
72 46 9
75 76 6
51 40 16
36 16 16
87 50 12
30 2 17
61 27 3
10 65 8
18 14 6
79 88 7
85 94 14
25 65 10
30 87 17
92 78 3
17 69 6
63 11 6
46 69 3
70 48 6
9 7 13
57 9 15
51 31 14
17 6 6
23 63 15
74 34 10
92 47 3
52 62 12
48 51 2
70 65 1
17 45 5
97 76 13
85 54 5
60 47 12
97 40 1
39 14 10
40 57 16
31 14 11
69 78 2
80 85 4
54 83 19
26 89 11
10 85 9
17 16 1
75 65 1
78 6 8
40 39 14
9 34 16
62 95 18
86 71 6
8 74 12
32 11 5
34 19 6
9 5 2
79 69 19
88 51 9
25 69 11
45 14 5
97 59 8
54 11 9
8 19 11
80 72 18
21 81 1
8 98 14
72 70 10
88 47 16
17 7 11
9 69 19
60 89 2
21 77 17
34 90 2
22 58 15
13 50 7
12 89 17
25 32 17
83 55 5
36 57 9
18 88 10
74 67 8
99 53 7
17 72 8
35 21 7
8 13 3
25 14 14
45 28 10
59 50 18
18 62 14
7 62 1
33 70 1
79 21 17
86 85 5
44 54 17
62 39 13
41 60 14
36 23 12
20 53 5
6 8 17
64 32 19
70 22 18
69 58 1
11 94 8
40 60 15
25 61 18
5 91 13
38 3 4
15 75 14
57 63 3
45 94 19
92 59 10
66 25 8
68 14 11
32 94 17
27 18 8
85 28 6
4 57 2
27 96 9
31 19 15
72 66 9
79 68 13
61 17 14
59 28 15
33 27 4
42 2 10
62 63 18
42 1 14
3 66 5
22 67 6
31 68 12
9 4 11
49 27 17
6 54 15
61 9 6
88 55 14
40 49 16
39 90 19
14 72 6
83 66 19
80 25 18
19 27 3
44 73 16
71 92 19
86 93 7
6 91 1
20 1 1
46 31 4
37 88 6
17 40 15
63 83 17
13 64 2
27 69 14
7 84 17
51 89 9
55 23 15
39 10 6
47 81 8
38 96 18
9 99 14
14 89 3
85 47 6
21 72 17
52 43 8
32 79 5
60 39 17
9 23 3
30 29 19
79 37 3
86 21 15
71 18 17
42 81 9
77 58 6
63 71 18
55 16 2
76 31 9
16 76 10
58 74 11
98 30 17
82 50 8
16 17 14
51 35 6
80 60 13
67 15 6
95 10 10
57 34 5
5 70 7
97 48 6
67 29 8
48 74 18
20 84 12
81 7 5
46 57 4
69 15 12
51 14 15
97 51 19
29 12 9
57 93 1
35 95 3
62 26 3
59 81 8
97 62 1
49 52 10
39 78 16
49 86 7
84 5 11
36 2 18
20 69 11
86 25 5
80 38 13
97 14 2
75 46 4
53 0 12
94 58 12
74 48 19
88 53 11
76 16 8
30 41 16
59 76 15
74 39 19
74 98 17
10 77 4
89 87 8
57 52 8
23 96 1
14 76 2
31 23 19
13 80 11
59 29 16
50 6 17
55 99 16
7 35 11
42 15 6
78 62 19
58 72 8
96 1 2
49 66 17
87 55 2
96 44 11
26 64 3
4 0 11
34 51 15
78 43 16
21 18 16
23 47 15
23 24 16
27 9 17
37 83 19
78 64 11
74 90 12
58 98 12
77 59 17
4 33 2
58 91 9
9 28 1
55 80 1
51 23 8
81 64 19
43 91 7
73 23 12
9 66 1
73 51 16
13 16 3
80 15 12
48 16 18
28 72 8
80 35 13
52 63 9
76 38 10
69 10 15
19 52 15
68 91 4
21 56 5
28 92 18
5 94 8
51 86 10
79 63 3
50 56 12
83 45 19
72 82 18
23 79 19
96 73 4
72 16 3
20 12 17
82 79 8
22 24 19
60 68 1
42 11 7
30 3 11
58 15 18
83 61 18
54 94 2
40 10 16
59 3 13
15 23 18
58 78 16
71 50 16
49 13 5
77 52 11
46 5 2
0 41 9
6 69 13
15 13 11
85 49 16
69 35 4
