100
0 3 2
3 8 10
8 9 11
9 12 10
12 13 6
13 14 2
14 16 16
16 17 11
17 18 17
18 19 14
19 22 12
22 26 13
26 29 13
29 30 12
30 36 6
36 38 7
38 39 5
39 42 8
42 45 7
45 46 4
46 49 16
49 51 10
51 52 8
52 55 14
55 56 14
56 60 10
60 63 10
63 65 10
65 66 16
66 68 15
68 69 12
69 71 2
71 72 16
72 73 4
73 74 11
74 76 19
76 80 13
80 82 5
82 84 10
84 85 12
85 86 13
86 87 1
87 88 2
88 89 5
89 91 14
91 93 12
93 94 10
94 99 10
0 3 2
3 8 10
8 9 11
9 12 10
12 13 6
13 14 2
14 16 16
16 17 11
17 18 17
18 19 14
19 22 12
22 26 13
26 29 13
29 30 12
30 36 6
36 38 7
38 39 5
39 42 8
42 45 7
45 46 4
46 49 16
49 51 10
51 52 8
52 55 14
55 56 14
56 60 10
60 63 10
63 65 10
65 66 16
66 68 15
68 69 12
69 71 2
71 72 16
72 73 4
73 74 11
74 76 19
76 80 13
80 82 5
82 84 10
84 85 12
85 86 13
86 87 1
87 88 2
88 89 5
89 91 14
91 93 12
93 94 10
94 99 10
66 35 10
58 10 8
61 81 16
99 80 3
44 65 1
76 47 6
50 28 6
51 19 18
4 6 13
58 5 11
52 2 11
24 29 3
3 90 11
34 18 17
60 37 18
71 6 1
59 24 3
56 29 18
5 98 5
8 82 8
6 44 12
15 42 15
73 22 3
87 67 19
30 63 3
57 19 13
26 79 18
0 19 3
26 5 9
34 73 2
44 79 3
52 48 11
29 57 15
70 85 7
70 51 11
84 86 16
58 18 4
48 35 18
38 1 10
38 25 17
66 88 7
58 38 9
34 22 1
73 93 13
15 4 9
68 10 12
87 15 1
96 53 19
8 60 12
46 77 19
44 7 10
27 23 14
28 67 15
8 99 2
44 78 2
75 4 15
8 44 9
40 52 2
52 54 2
19 0 5
2 0 1
20 6 6
89 14 5
95 14 11
20 25 11
82 45 15
1 21 8
44 94 3
9 29 17
18 23 12
94 96 13
21 37 2
68 46 18
50 91 8
61 5 17
43 7 1
43 16 5
95 35 8
32 54 1
84 43 1
79 90 10
89 84 18
26 78 19
76 96 13
0 80 5
99 8 13
87 41 12
30 70 8
83 39 3
58 79 19
74 68 11
95 72 7
9 79 16
32 70 16
45 61 2
81 73 2
0 47 3
79 45 9
74 3 6
79 9 14
13 9 16
40 64 7
89 18 15
15 63 16
90 49 11
56 2 4
41 37 17
28 51 5
56 58 11
82 24 9
66 42 19
21 93 19
44 54 18
67 23 14
80 32 17
64 20 11
35 12 17
86 8 18
13 7 12
42 80 7
63 84 10
89 60 17
49 47 13
67 72 3
86 55 11
86 12 4
47 13 7
2 89 4
61 45 9
90 20 19
8 23 9
3 19 1
93 0 1
83 19 10
99 22 8
13 8 19
15 1 10
83 53 4
7 31 7
45 78 16
22 32 10
85 79 6
1 93 10
6 90 1
86 58 14
29 85 13
70 87 9
26 10 4
46 12 17
95 47 10
80 18 3
15 99 10
40 18 18
1 22 19
48 18 17
9 0 6
99 57 2
76 85 11
57 42 15
0 57 9
95 13 16
65 35 6
7 44 9
24 70 14
21 82 12
71 7 4
38 3 19
0 95 2
36 10 7
86 76 3
46 88 2
55 23 1
60 93 1
68 14 12
66 80 14
63 13 14
86 56 10
52 32 1
50 35 17
41 88 19
65 86 6
77 44 17
14 68 17
89 93 1
8 16 14
20 10 4
89 42 17
98 10 17
24 54 13
68 48 2
77 21 12
4 57 10
99 83 1
33 60 17
45 95 1
56 14 10
94 54 18
45 44 4
30 17 14
86 20 14
12 7 13
53 73 19
49 84 9
80 53 19
52 38 13
75 88 17
18 11 7
17 68 1
25 35 5
85 33 3
55 11 1
55 29 2
14 18 14
26 38 19
43 63 16
57 32 11
78 26 19
93 44 2
9 18 2
2 7 11
20 59 7
35 14 16
24 59 14
31 45 12
74 21 9
91 67 1
84 64 14
17 4 2
11 59 9
82 32 16
15 89 16
53 68 14
7 54 5
7 63 5
42 97 2
93 92 4
23 62 6
93 1 4
67 19 15
83 1 9
39 9 13
23 34 1
89 47 11
69 79 2
79 25 16
98 81 12
25 70 5
41 75 8
82 50 13
73 57 1
62 72 2
15 12 13
48 53 15
80 97 11
79 62 19
42 41 8
63 4 8
40 8 10
59 74 10
81 77 11
51 59 1
42 37 12
8 49 6
91 66 1
85 91 11
36 30 1
0 56 16
81 2 6
53 16 11
52 70 3
71 67 3
25 89 16
41 14 12
99 90 17
82 48 18
77 67 6
81 96 4
51 46 12
67 11 11
58 47 4
82 65 16
70 96 5
61 71 8
36 73 16
57 40 3
94 39 1
99 71 13
83 3 8
76 0 12
18 2 9
30 99 1
18 37 18
77 62 2
21 31 16
28 33 4
62 25 19
97 83 7
32 39 18
41 70 1
19 45 1
24 63 4
29 62 14
99 81 15
30 34 3
35 75 3
84 60 2
37 67 3
86 52 15
61 73 16
46 41 11
17 79 11
54 75 8
48 32 19
5 51 13
34 16 18
96 92 15
41 69 4
22 28 3
74 79 9
91 86 1
75 73 2
45 81 3
35 62 11
59 58 17
48 57 11
29 74 12
55 16 13
84 22 14
61 91 18
23 37 1
68 84 13
80 99 9
15 77 2
64 6 5
89 24 14
3 32 3
87 48 9
79 53 3
9 34 8
1 49 18
37 28 4
15 98 16
61 59 7
19 15 15
31 65 11
52 30 16
23 4 17
34 42 2
24 90 1
99 74 5
92 30 8
97 10 15
50 94 3
74 95 3
84 26 14
60 17 5
91 9 6
65 36 10
49 68 1
82 60 16
91 4 17
90 13 7
19 78 4
92 16 19
8 66 14
86 89 2
39 30 15
99 64 19
21 98 8
28 87 9
59 30 2
93 53 12
92 55 6
91 25 18
23 53 17
60 22 5
18 77 4
34 36 2
47 61 12
56 42 6
22 37 15
3 49 3
85 45 10
83 16 3
31 68 13
27 62 2
72 5 7
21 90 16
92 69 6
43 76 18
29 56 1
74 63 5
9 27 12
88 83 4
41 38 18
51 77 12
82 96 19
24 60 16
3 66 15
73 53 8
46 31 15
59 84 11
56 98 10
51 54 16
96 38 10
13 28 4
16 74 13
0 44 5
1 86 16
5 52 5
63 52 12
73 42 8
13 96 13
27 4 14
10 93 8
80 16 3
57 6 1
43 68 11
40 47 4
66 74 12
11 44 2
24 62 18
80 19 7
44 43 4
98 38 1
80 75 5
73 14 10
76 36 16
2 62 5
43 59 18
23 5 15
72 20 11
70 5 19
59 64 3
22 53 9
81 21 17
12 70 9
11 0 12
37 51 16
57 68 16
21 70 2
74 77 2
58 27 11
40 45 2
27 24 12
50 80 4
73 25 15
35 90 7
33 23 13
20 77 16
75 22 6
94 17 10
21 33 19
11 31 6
40 12 4
46 55 4
64 5 13
68 91 3
3 46 13
98 73 3
58 82 11
85 75 12
96 5 12
11 33 7
10 46 15
24 61 14
61 68 15
3 74 18
16 13 5
86 77 12
44 88 3
65 56 2
12 99 6
54 59 2
7 4 5
29 71 14
68 63 2
22 0 5
45 64 6
55 34 12
84 80 15
16 41 12
93 98 15
58 24 17
60 98 15
96 62 16
77 27 7
68 93 9
88 18 15
49 83 13
7 86 1
29 60 17
48 8 11
1 43 11
54 74 16
44 51 17
67 95 6
77 22 14
97 25 1
14 62 7
72 46 13
47 62 6
26 55 10
91 76 7
37 84 15
33 26 14
81 16 18
50 86 16
44 92 6
14 15 8
74 99 1
32 34 15
33 99 3
11 94 10
59 28 19
47 84 17
62 47 3
92 57 8
54 86 1
60 70 19
63 68 14
16 81 15
48 80 15
3 73 15
76 87 19
25 29 13
89 5 15
61 42 14
34 99 14
94 32 3
37 65 9
72 62 8
28 91 10
6 3 13
97 63 2
27 20 9
68 36 3
74 70 2
86 65 11
29 93 12
7 94 7
72 38 13
73 26 16
95 82 17
51 82 5
5 37 17
6 87 9
60 64 5
96 58 15
48 93 1
69 93 7
79 99 13
67 79 16
99 63 14
1 38 11
82 31 16
38 77 7
6 88 1
69 68 2
65 77 10
52 47 4
15 94 15
5 15 8
36 77 5
54 95 11
9 21 2
5 40 6
87 97 14
53 97 2
96 27 18
79 96 5
84 93 19
40 91 5
47 6 14
38 80 11
51 44 17
11 72 19
47 75 10
19 75 2
61 25 6
44 48 15
18 22 10
46 45 14
75 20 2
48 26 7
49 38 13
12 26 15
69 5 6
34 67 4
32 99 16
93 95 13
83 62 19
1 89 5
97 36 2
81 54 8
52 26 10
44 59 14
47 10 1
4 30 8
49 54 13
49 35 8
22 15 1
7 62 17
75 70 8
30 69 4
15 49 1
72 74 16
32 67 15
93 41 4
45 91 5
75 91 14
27 70 3
82 30 1
18 92 9
26 73 13
25 77 19
70 10 13
30 92 11
43 90 16
90 35 3
45 18 12
74 71 13
22 7 10
75 26 13
36 69 14
9 60 16
91 1 5
91 74 16
10 6 3
21 73 2
68 77 7
10 90 13
91 98 4
29 81 2
49 90 15
34 21 3
29 92 7
80 5 4
94 87 13
88 52 6
25 98 11
5 85 12
56 49 8
6 65 9
73 48 10
46 6 7
57 60 16
45 5 3
48 72 2
71 78 1
22 44 13
13 90 12
34 50 19
53 99 12
43 83 15
84 83 9
22 90 18
80 13 3
27 19 11
8 10 10
11 16 16
33 79 19
30 41 1
56 35 9
86 90 13
67 45 17
92 1 17
7 55 12
41 2 9
23 35 12
87 85 10
2 6 19
66 26 1
9 65 13
3 87 6
84 95 19
2 13 5
93 21 8
33 93 3
29 79 7
39 10 2
72 6 15
7 95 1
54 16 8
84 15 5
72 47 16
29 52 9
62 30 13
81 72 7
32 30 6
92 18 18
41 93 11
82 97 14
82 59 14
91 0 14
24 12 5
15 80 18
21 69 16
75 43 5
90 21 13
45 77 14
81 53 16
58 85 1
66 8 11
59 47 6
56 78 19
82 80 19
40 50 10
65 98 4
93 8 7
17 42 16
47 65 3
97 81 9
65 67 8
25 22 16
87 98 11
45 37 13
84 50 5
8 86 12
96 57 16
5 56 6
10 74 12
12 15 5
42 90 4
49 93 14
13 66 12
32 86 11
48 73 12
23 9 13
83 94 3
37 46 6
29 59 15
41 62 1
52 80 4
14 81 4
39 69 2
20 8 3
30 60 18
73 7 17
3 17 14
3 57 10
89 6 10
68 82 6
22 89 18
17 37 5
98 16 9
76 17 17
42 0 15
98 2 7
19 47 3
73 2 6
1 58 6
33 28 2
38 52 4
23 41 12
88 69 7
63 22 3
8 67 17
38 5 15
8 11 3
77 93 12
99 28 18
21 9 19
29 55 7
71 18 10
91 72 8
66 79 18
98 68 15
47 80 12
18 80 12
90 57 1
67 97 12
33 88 12
79 6 13
75 60 11
40 15 4
25 63 2
33 9 3
27 1 2
9 46 7
78 8 1
48 24 14
67 10 10
69 73 14
13 37 6
40 27 16
58 65 9
21 87 15
93 23 8
58 28 12
18 5 13
60 10 4
11 96 14
13 78 12
58 91 17
50 20 8
49 12 16
82 87 17
55 19 19
91 20 17
91 57 2
50 79 9
13 53 12
61 92 15
84 99 12
18 63 17
51 9 10
17 74 3
42 58 6
59 23 19
35 46 2
12 31 6
81 17 1
30 54 15
64 10 7
19 33 19
49 71 14
68 8 2
14 64 4
3 83 10
9 41 7
74 87 1
68 7 13
87 38 19
65 4 14
45 4 5
37 57 19
49 18 16
95 74 5
63 0 3
30 10 17
14 51 10
39 6 5
36 42 15
81 39 2
98 0 6
27 0 2
86 60 1
34 95 3
58 37 4
14 52 6
10 59 18
89 2 19
58 68 11
24 42 17
14 32 18
52 91 18
21 7 5
20 53 5
61 21 9
27 58 2
17 89 11
72 11 4
97 27 6
8 57 10
46 72 16
65 84 9
97 3 19
75 49 4
61 84 9
63 73 16
53 3 19
93 39 2
73 96 7
86 75 13
79 58 3
50 78 3
89 69 1
13 5 11
21 60 14
97 75 6
45 73 15
39 61 6
24 50 2
95 19 5
47 64 19
62 37 4
81 95 9
56 91 5
64 1 13
44 5 12
42 78 9
69 10 7
32 90 11
55 98 18
85 87 5
98 92 18
46 22 7
36 8 15
55 27 12
83 2 13
39 47 13
15 61 16
48 46 7
30 51 9
47 58 18
89 19 11
26 50 7
85 97 1
6 38 1
97 55 14
51 7 1
36 14 5
0 96 14
70 66 9
9 35 16
67 54 1
81 40 15
22 76 15
29 43 17
87 34 19
22 64 3
44 61 19
33 4 8
64 40 3
48 76 7
70 81 10
65 16 3
15 81 8
28 29 18
78 68 15
62 97 16
34 75 13
22 51 17
75 51 10
12 42 2
70 97 4
16 47 19
48 56 8
57 97 8
92 29 12
6 82 12
98 52 15
8 63 4
35 92 14
61 39 17
49 99 8
10 44 2
36 21 8
77 4 15
72 99 9
66 24 3
98 46 8
64 56 11
34 84 13
63 21 15
78 73 17
98 1 4
70 13 1
84 65 12
59 33 2
51 99 2
87 89 6
57 64 7
6 53 2
62 6 2
62 10 16
67 39 9
92 81 18
61 18 11
9 10 11
81 15 14
6 41 17
7 0 12
41 1 18
39 83 7
54 68 4
17 23 13
93 15 12
27 14 14
83 33 7
46 93 6
4 75 11
14 50 19
20 26 10
26 83 15
41 78 6
51 88 1
25 5 16
99 23 1
19 28 19
90 53 4
66 22 6
54 28 9
63 99 1
53 94 7
64 62 17
74 6 15
7 81 11
64 27 10
70 11 2
41 56 18
63 87 12
91 12 6
64 16 3
41 33 2
61 16 5
52 59 17
42 7 6
62 29 15
99 76 14
33 37 4
96 85 18
13 59 11
53 7 15
96 36 14
18 52 9
32 87 2
53 76 1
51 92 1
37 69 6
81 80 10
59 13 9
71 4 8
36 53 17
33 89 15
90 37 17
52 62 1
76 9 5
93 36 14
47 87 8
74 38 17
16 40 14
91 53 3
90 95 9
33 74 8
79 4 11
37 77 14
86 53 16
60 29 11
23 42 14
15 84 13
41 19 4
81 91 6
94 19 6
33 49 7
6 72 16
56 43 19
52 22 18
34 38 18
52 9 11
49 42 18
52 31 18
97 51 7
50 34 16
14 85 18
61 80 8
45 53 15
22 34 2
46 99 19
87 13 12
20 3 12
9 2 1
34 94 19
1 16 8
20 51 18
47 74 14
0 98 13
23 49 5
14 23 10
21 92 10
79 61 3
16 34 8
69 81 13
36 78 16
76 86 9
45 90 8
2 83 18
36 24 18
84 71 10
56 92 1
31 33 3
58 95 5
45 54 18
38 98 15
51 29 1
93 35 19
74 69 8
81 52 2
42 92 14
32 27 13
59 65 4
61 72 15
47 12 2
67 47 2
30 31 7
37 14 13
92 43 4
17 69 13
55 60 19
94 34 15
27 39 12
30 13 15
51 24 10
63 1 13
9 5 6
46 65 3
17 33 17
41 21 3
50 16 16
74 35 7
23 89 6
48 27 4
63 16 6
5 23 11
19 70 3
50 7 10
74 78 11
40 65 1
89 21 17
24 68 19
47 14 1
1 4 19
86 81 5
46 67 1
79 46 2
17 47 14
20 23 12
54 34 19
9 61 3
13 26 5
42 67 2
44 99 19
80 52 19
40 69 13
47 55 8
22 61 13
58 11 15
88 29 5
27 81 10
30 81 8
82 15 1
74 15 3
96 11 15
27 80 4
99 91 9
91 92 15
71 76 1
56 9 8
57 14 2
19 1 17
80 64 16
56 19 8
83 22 10
14 44 9
70 52 7
70 58 12
81 58 14
39 79 8
34 85 6
99 20 1
70 48 5
63 44 2
47 85 9
93 28 11
19 7 10
64 65 5
29 7 9
60 67 19
45 6 7
30 59 9
62 79 16
45 20 13
71 80 6
94 95 19
62 50 3
2 94 5
6 21 4
17 60 11
19 93 10
91 70 8
59 41 12
25 55 4
68 13 10
31 58 8
11 21 8
96 3 1
0 42 11
40 22 17
79 37 19
33 29 4
51 14 18
93 16 1
47 2 8
15 65 3
24 58 1
78 40 18
42 48 18
84 10 1
57 18 5
99 19 5
98 96 11
88 35 4
18 42 1
25 31 10
75 47 6
76 30 5
17 11 15
85 88 13
65 97 5
73 5 6
32 15 4
14 2 2
63 3 1
57 81 2
71 61 8
30 16 11
96 75 2
17 90 19
4 96 14
85 92 9
12 90 13
37 63 18
28 37 11
77 6 13
7 59 4
37 45 7
52 4 14
90 99 16
41 32 16
57 95 4
44 25 4
78 88 8
99 84 5
27 9 2
56 37 18
60 77 18
35 0 6
16 4 13
80 46 4
77 89 2
24 36 18
98 85 11
99 13 18
2 29 6
18 75 8
53 63 5
13 88 14
0 20 18
86 23 19
94 65 2
26 86 14
11 51 4
57 43 9
0 85 5
53 57 5
0 5 5
3 89 10
92 39 11
19 63 5
39 13 2
19 48 1
88 31 4
36 84 8
79 47 13
28 0 5
80 81 16
24 96 14
81 45 11
77 91 16
95 88 11
93 48 15
73 32 19
37 29 7
19 12 13
76 46 9
74 49 12
59 94 17
86 98 6
81 27 18
79 97 4
64 36 7
95 50 7
42 66 4
96 69 7
67 80 8
76 74 8
29 32 16
11 83 8
26 70 18
81 25 1
17 92 3
89 65 16
47 0 4
21 10 7
84 28 11
73 31 17
1 65 15
90 87 12
83 0 8
52 10 4
34 83 17
96 86 8
68 38 7
30 93 15
76 98 9
99 75 17
11 23 15
1 80 10
44 58 3
84 46 5
97 33 12
48 11 3
64 11 18
36 15 11
93 2 11
57 87 17
40 74 12
70 1 6
17 63 10
14 7 3
89 3 9
58 74 8
54 90 17
73 59 6
73 99 8
13 65 14
56 95 6
21 11 15
38 18 16
74 66 15
0 22 15
82 68 5
87 86 3
46 84 10
4 67 14
31 34 18
98 30 15
33 30 10
2 1 2
57 88 15
17 66 2
79 21 10
38 97 17
27 96 3
40 94 19
92 93 7
75 80 8
10 26 3
62 71 7
50 37 8
37 93 5
21 67 1
9 86 4
71 79 16
95 81 14
72 4 6
25 72 19
58 77 18
97 93 6
84 49 1
86 27 7
7 37 2
77 23 19
17 98 12
63 46 5
89 7 13
59 29 4
40 28 18
87 68 15
41 23 4
15 46 9
15 39 14
23 55 13
7 88 16
78 51 4
13 36 6
50 24 10
54 3 1
17 6 3
26 27 3
1 59 3
19 51 15
80 9 1
69 11 2
55 32 13
2 73 5
89 59 13
84 40 8
19 67 7
85 10 3
89 39 8
81 93 9
8 6 11
16 46 2
63 36 8
75 52 15
49 3 6
17 71 1
25 17 8
91 43 4
95 18 19
24 27 3
16 91 18
41 61 17
65 61 3
82 71 16
27 83 3
22 86 13
28 88 15
65 69 5
88 46 12
44 70 4
90 8 6
72 95 12
46 92 16
15 75 15
43 93 13
17 43 18
13 62 14
26 25 4
15 47 6
43 19 10
55 3 18
46 50 7
5 88 11
75 38 10
75 78 14
29 82 7
54 56 2
22 60 17
17 81 16
37 90 17
96 64 1
37 5 12
95 75 7
49 19 12
49 61 10
6 67 11
16 33 18
62 33 19
81 19 8
54 41 18
4 29 13
2 31 15
36 48 16
34 92 2
46 24 8
98 93 7
93 25 11
53 87 10
56 73 17
39 53 14
5 30 3
99 47 6
61 98 14
18 46 12
44 31 6
7 48 16
26 66 9
81 26 6
2 38 12
24 48 3
98 8 9
13 16 3
49 67 14
63 92 12
40 13 3
38 94 19
97 67 16
86 94 17
67 22 15
13 15 13
63 90 15
62 31 4
29 42 4
7 43 10
76 12 5
48 3 19
60 76 6
74 48 12
2 23 17
77 34 18
8 78 12
19 76 7
87 43 3
82 55 9
58 63 18
62 61 6
48 36 12
49 37 5
79 80 18
82 66 6
64 84 4
82 61 4
63 70 9
34 98 14
6 75 5
86 42 16
97 57 5
54 83 1
54 80 6
32 3 4
35 67 12
88 81 16
61 34 4
46 18 1
76 81 10
83 7 2
4 36 9
24 56 18
76 82 1
69 3 9
76 37 3
37 91 7
6 0 16
29 33 5
5 65 9
68 35 10
61 32 13
95 16 1
27 25 19
54 85 9
97 72 7
94 27 11
40 44 15
75 48 10
99 11 12
26 99 10
60 27 17
41 5 5
24 8 11
77 17 15
91 26 5
94 16 7
82 76 7
46 81 8
50 93 5
65 25 15
48 30 6
45 0 8
16 73 16
93 99 6
6 59 15
25 18 9
17 88 4
90 4 14
23 26 14
77 80 14
21 61 15
51 33 15
40 57 12
72 51 2
30 76 7
0 33 15
96 88 10
2 92 7
43 36 19
7 35 8
59 99 10
71 91 3
96 42 10
13 27 13
42 13 15
15 88 16
44 10 18
55 81 14
74 64 14
0 50 11
9 69 17
97 18 14
77 70 10
46 26 14
13 76 11
28 49 5
63 12 7
12 88 14
3 82 8
79 13 18
48 98 2
65 76 11
19 81 4
32 8 1
93 40 6
59 4 15
99 44 11
31 81 15
51 75 1
35 7 10
4 15 9
51 76 17
45 82 18
17 0 2
78 59 16
68 51 7
89 98 2
5 16 1
19 94 8
50 69 12
16 8 8
75 9 16
96 89 11
23 82 2
4 18 8
20 76 1
2 98 6
85 84 1
55 1 16
9 98 6
2 66 5
26 6 2
61 90 5
84 7 17
47 71 6
54 8 3
50 57 15
31 51 12
69 45 13
89 22 18
68 65 2
3 99 8
62 27 13
33 45 12
24 16 1
47 63 8
30 96 5
55 25 18
15 16 13
21 49 15
70 14 7
62 11 15
84 79 2
51 78 5
99 72 5
34 51 17
90 9 4
58 45 19
19 89 17
47 81 19
88 71 5
64 95 9
81 7 3
79 42 6
21 89 8
46 95 1
46 30 3
21 29 7
44 85 6
54 89 10
14 1 2
58 86 1
66 34 12
50 33 3
65 7 12
72 3 6
16 78 5
85 59 9
69 77 3
93 76 14
30 37 5
3 53 12
76 5 6
39 80 15
96 73 5
50 4 18
31 24 19
81 32 16
66 62 13
80 35 4
63 14 13
62 5 12
67 14 4
87 46 4
28 84 15
64 17 6
34 82 16
21 38 18
4 35 19
24 66 7
20 65 15
15 50 8
9 63 16
97 53 5
43 99 1
77 92 2
34 45 14
8 3 13
62 63 8
93 10 12
42 31 4
46 0 4
60 39 4
55 91 10
74 7 18
76 34 13
38 83 9
99 37 17
51 6 5
52 40 17
20 33 13
76 20 5
98 64 12
95 21 12
75 24 12
26 80 12
5 17 13
93 42 1
28 52 19
79 77 18
24 93 10
46 58 10
28 17 2
66 67 18
73 85 4
12 6 8
88 85 2
37 19 15
42 74 5
21 3 1
24 74 18
72 16 4
64 93 3
62 86 14
50 81 19
59 34 11
41 25 12
60 94 14
19 17 5
95 73 17
91 38 1
87 33 11
45 29 17
73 75 19
28 97 4
58 7 2
74 23 15
64 77 6
77 41 6
87 55 3
46 63 18
38 90 15
60 54 11
99 26 5
45 59 13
56 71 4
25 95 7
10 53 4
6 83 4
70 36 15
39 11 13
42 83 7
39 36 11
80 77 13
98 4 6
92 96 17
35 82 16
41 49 19
65 70 3
94 53 17
86 51 10
52 6 12
60 9 8
80 25 8
66 95 9
23 29 12
60 3 2
75 11 16
50 75 2
35 85 2
75 85 7
27 75 3
73 51 13
83 15 9
90 41 3
53 89 19
22 9 16
92 12 18
12 17 16
73 24 1
72 9 8
96 76 11
6 66 7
28 26 6
5 58 12
45 85 12
74 92 17
12 40 10
19 53 7
88 40 18
55 57 7
51 36 11
90 69 6
37 66 15
16 11 16
69 59 14
31 73 7
35 22 8
38 12 15
8 46 8
39 15 11
38 89 6
67 12 18
20 24 7
68 92 8
71 56 15
92 33 16
44 67 8
87 27 9
62 23 16
94 43 10
10 72 5
89 68 15
27 88 8
51 0 15
12 35 9
27 64 10
52 41 1
95 79 4
86 15 19
7 15 1
9 22 15
11 50 18
77 47 10
90 5 19
49 44 19
12 10 6
46 21 17
44 15 4
40 63 18
65 79 16
84 32 18
28 3 6
47 77 9
28 69 9
40 62 13
56 89 13
71 39 18
40 19 7
10 7 19
98 58 15
49 39 11
25 68 4
32 23 19
0 72 12
55 24 15
79 29 19
30 80 6
17 62 4
46 87 17
45 34 7
21 25 9
57 27 16
37 59 9
57 91 11
48 58 2
6 70 9
92 11 17
30 88 7
67 34 3
94 11 10
43 80 13
89 63 12
87 12 12
34 2 9
73 79 5
88 19 5
49 97 13
55 85 1
95 12 9
79 28 17
39 64 9
13 87 9
71 45 7
3 9 9
95 40 17
48 47 7
90 70 19
88 4 11
55 13 19
95 56 15
12 18 3
80 36 5
20 49 16
94 85 5
31 90 6
36 6 5
30 87 2
9 45 19
51 53 9
90 59 11
58 35 18
49 24 17
75 76 10
33 96 11
77 83 1
49 2 1
46 97 1
72 79 6
65 48 18
25 2 18
38 78 15
10 29 14
49 50 5
5 9 16
86 13 18
3 88 3
4 12 9
17 48 4
63 57 18
47 88 14
46 91 8
47 78 7
77 15 7
76 88 6
35 8 16
32 24 12
17 85 1
13 11 16
80 90 16
37 62 10
46 7 10
67 76 17
96 21 8
95 94 1
85 15 10
63 50 14
41 59 11
42 20 19
28 70 15
91 51 3
47 4 15
46 35 1
57 21 9
93 43 1
28 90 7
39 25 16
54 46 19
22 13 19
72 71 12
35 17 8
39 63 14
42 23 16
18 61 12
18 93 12
57 93 3
52 28 1
88 66 5
4 10 14
5 13 13
30 27 11
43 51 18
75 3 10
11 98 16
17 77 9
33 43 10
25 16 14
42 57 10
73 0 15
34 10 13
84 62 19
22 88 7
44 96 3
84 5 8
94 10 6
92 20 11
89 64 2
29 1 16
95 57 10
97 19 18
70 67 8
41 12 15
27 59 2
89 33 16
59 38 8
51 37 6
34 14 8
79 1 7
30 9 3
46 78 12
64 59 15
86 5 17
53 20 16
57 65 4
39 1 12
56 13 5
77 48 8
92 47 9
55 76 10
3 44 7
24 31 1
77 76 11
78 33 12
18 17 10
29 19 19
51 25 16
0 46 7
28 95 19
52 24 11
20 17 10
52 76 14
43 15 19
80 49 5
51 70 18
49 7 7
77 13 16
8 50 3
35 68 13
97 6 6
9 49 18
61 96 2
86 71 9
9 59 14
24 81 8
10 87 19
93 85 1
28 39 11
82 10 10
57 15 16
76 40 11
10 82 5
98 60 19
18 53 14
74 16 17
0 15 13
98 65 5
43 13 6
85 25 9
85 78 1
88 17 2
0 59 2
82 63 10
38 53 15
52 27 10
29 48 17
6 16 4
52 49 11
78 84 8
10 81 18
23 96 8
98 43 8
40 58 9
97 89 14
58 76 19
70 54 8
65 73 11
91 17 14
52 14 1
41 20 9
57 37 9
17 39 5
58 31 4
59 31 16
70 55 17
51 5 10
31 36 19
75 68 10
8 87 13
69 23 8
54 38 13
15 52 11
81 60 18
18 15 10
25 67 16
4 60 15
95 48 13
32 41 16
21 26 15
78 31 5
85 96 4
99 93 14
46 85 5
7 29 14
80 71 9
59 70 17
30 98 1
91 46 17
27 66 13
39 52 13
97 9 2
55 12 17
81 74 14
52 37 13
62 92 19
26 56 7
85 0 9
50 96 8
68 31 9
6 25 12
82 83 10
68 40 16
23 45 4
46 60 18
72 96 9
52 5 11
35 97 3
27 65 15
61 37 3
90 0 15
70 16 8
6 77 17
15 2 6
3 22 17
53 25 11
20 18 16
57 47 16
84 66 10
40 68 14
63 37 13
25 33 12
93 30 4
42 93 14
95 89 15
15 35 15
76 15 11
53 66 7
88 42 9
40 89 16
67 81 19
12 46 12
37 24 4
22 67 13
0 2 11
25 47 16
34 60 18
49 10 5
48 45 2
47 8 17
41 24 9
30 74 6
71 14 15
77 29 13
29 96 5
92 38 9
6 79 12
3 63 13
52 86 13
22 85 15
95 99 15
69 31 8
48 28 7
39 0 17
6 12 6
83 28 16
94 59 11
40 85 5
65 53 16
88 25 12
41 55 12
36 99 15
62 88 16
72 14 15
85 65 16
71 38 16
85 58 14
91 61 13
76 43 18
80 7 7
38 19 18
58 36 1
41 57 3
47 59 11
16 2 16
1 7 14
77 28 13
31 37 8
37 18 19
77 58 13
64 2 12
0 76 5
57 51 1
93 56 5
61 76 15
44 52 15
3 42 11
20 2 10
99 70 7
31 89 10
34 57 4
60 49 1
81 46 1
5 14 5
41 9 11
27 93 16
12 33 3
70 71 15
89 85 7
42 89 8
18 90 6
91 44 8
36 20 5
65 23 5
42 82 16
37 38 1
62 53 6
29 72 9
1 92 19
41 48 11
95 2 14
79 18 2
46 17 13
62 28 17
82 38 9
61 19 13
92 88 18
29 86 2
26 74 4
67 3 11
36 89 16
78 30 12
15 27 6
18 65 17
84 52 5
73 95 18
92 60 17
45 88 10
46 98 16
94 62 14
63 71 15
40 73 19
18 64 14
7 96 14
97 48 5
17 9 16
29 13 17
16 66 3
93 3 4
91 83 4
43 67 15
3 76 11
69 70 13
71 95 1
43 73 16
60 88 9
23 84 18
91 79 12
39 32 16
41 47 9
18 32 10
87 4 12
7 85 18
63 49 2
71 12 7
54 39 6
91 45 15
28 48 17
72 37 17
28 62 10
0 77 1
26 85 3
60 81 15
58 39 7
94 26 11
73 41 3
75 95 10
0 74 19
90 10 8
48 21 15
4 49 13
32 52 3
27 53 7
51 84 10
64 76 2
88 2 11
50 0 18
41 51 3
19 44 14
1 84 7
32 45 6
11 61 3
58 90 8
52 96 9
74 10 7
95 77 6
35 58 10
45 93 7
70 46 3
86 59 6
21 59 2
70 92 17
67 93 4
63 62 17
6 85 17
76 63 4
38 48 3
44 93 15
53 77 4
52 72 17
78 70 2
74 54 7
9 70 11
18 51 19
43 86 2
43 64 1
85 28 14
11 46 5
56 25 5
46 47 8
76 92 13
34 69 17
55 31 15
92 22 5
4 92 14
80 78 11
63 7 19
49 88 3
33 66 8
78 42 3
99 32 13
39 95 19
40 70 14
31 92 13
2 48 5
20 14 6
70 79 3
10 0 3
73 77 17
77 0 7
64 38 19
94 29 15
25 60 18
40 38 17
22 21 19
89 20 4
44 23 7
40 33 3
26 34 7
46 90 16
44 75 5
18 62 16
48 55 10
81 55 10
88 91 8
37 87 10
61 36 9
46 66 1
69 53 13
73 39 10
30 89 9
42 98 1
31 79 1
85 31 7
70 83 19
84 4 8
38 11 18
86 47 8
77 97 3
25 73 15
9 55 18
96 87 16
60 42 8
56 12 19
88 24 8
42 53 12
61 63 19
51 15 19
82 25 4
50 71 9
65 14 9
79 52 18
54 47 1
8 93 13
59 77 2
23 31 12
38 45 19
39 17 8
49 23 12
42 17 18
46 10 17
46 57 7
54 5 5
76 66 8
42 43 17
55 79 12
60 0 16
10 5 13
10 22 1
28 58 12
31 27 17
37 64 16
14 45 17
21 36 13
57 34 2
49 25 5
72 67 12
99 3 15
99 2 10
36 81 7
22 47 13
23 21 14
52 95 12
98 59 12
87 60 15
29 89 9
29 68 16
59 19 11
48 40 13
16 25 14
0 91 3
83 84 7
37 47 7
89 12 1
81 30 7
64 70 12
67 42 19
36 58 13
65 39 13
26 2 11
85 53 13
75 58 16
79 43 1
92 26 18
0 55 8
28 60 7
30 12 13
30 8 2
83 70 18
33 0 4
72 12 19
77 7 11
11 25 13
76 58 7
44 20 19
91 99 16
39 84 13
83 78 8
36 63 1
53 26 7
39 91 19
99 65 8
2 91 7
31 41 19
66 77 6
80 1 15
32 0 2
80 74 17
85 89 4
69 20 3
27 49 12
45 15 2
49 33 9
90 82 13
83 86 18
71 96 16
36 82 1
78 76 15
98 57 8
52 17 15
34 81 15
65 90 4
14 24 4
49 27 7
82 40 19
51 35 4
32 69 8
4 69 16
52 88 18
90 12 11
41 8 13
14 76 14
55 22 19
35 78 7
27 10 2
88 47 10
68 4 18
75 99 10
93 66 6
90 33 7
97 49 11
84 42 17
40 82 11
47 15 19
95 52 19
20 12 1
46 68 19
36 2 14
61 67 18
61 89 3
80 83 4
5 46 15
7 66 1
48 52 9
65 5 11
87 28 5
3 65 12
58 19 17
79 86 6
31 22 19
51 62 8
35 60 6
86 14 17
1 41 14
53 52 2
89 0 1
66 41 15
50 48 16
51 39 2
79 5 8
6 17 1
30 47 8
10 2 19
0 53 17
37 2 10
90 56 7
60 11 12
63 89 8
80 55 15
88 80 5
1 46 15
89 9 12
64 66 17
57 71 6
7 30 15
32 17 14
48 34 18
93 49 9
8 64 19
18 89 18
83 52 3
33 6 1
14 3 11
40 32 1
10 52 2
99 38 15
19 54 11
36 40 6
14 66 14
76 73 5
37 76 14
80 89 12
18 59 4
84 76 13
68 32 4
31 3 17
55 88 19
39 20 17
42 27 17
44 19 2
43 98 11
17 26 19
78 39 11
50 36 18
55 89 13
31 5 8
16 87 19
50 98 3
30 64 15
81 71 19
70 25 15
35 10 18
77 99 3
19 14 4
14 75 10
86 41 6
25 81 13
79 38 17
53 37 16
80 95 12
69 8 18
10 51 1
84 75 18
68 17 12
47 66 6
57 24 14
5 75 10
37 73 14
16 62 5
18 74 13
36 28 6
77 42 2
77 1 1
10 30 10
14 82 13
58 80 10
92 78 4
24 76 15
63 35 6
8 84 16
44 32 12
72 59 17
90 94 4
20 60 15
28 41 2
67 62 6
64 0 4
24 18 8
13 46 1
26 45 16
83 56 4
44 45 16
68 86 2
75 69 17
23 70 12
6 61 17
13 86 7
19 52 15
56 47 18
15 67 12
83 10 7
19 77 2
98 11 6
83 87 15
94 56 17
64 55 12
3 79 6
0 14 6
13 31 18
17 86 16
40 86 7
51 98 14
2 19 16
14 19 6
95 61 9
83 14 5
86 93 13
97 26 10
98 3 8
83 80 8
24 64 19
91 75 8
95 26 9
81 88 17
34 68 18
64 3 13
71 5 7
17 20 10
81 86 10
3 86 4
13 75 11
81 0 10
2 50 8
72 49 7
30 78 10
27 57 15
6 46 15
56 16 9
42 32 3
73 65 11
99 52 6
92 64 1
82 86 4
52 77 10
49 45 10
67 29 9
33 98 13
24 37 14
16 98 9
35 32 11
73 80 9
54 20 17
65 28 17
58 78 18
78 21 15
5 0 14
76 57 10
16 15 17
62 89 16
64 46 17
87 52 4
86 43 16
82 93 16
39 34 8
53 62 17
23 90 19
76 83 4
80 51 11
74 30 2
35 69 18
58 46 12
73 17 15
43 2 19
69 67 17
50 31 8
6 30 8
79 55 10
67 8 11
59 6 14
1 82 16
48 29 4
37 80 18
50 49 2
91 36 11
67 86 12
10 21 11
42 1 14
25 62 6
46 37 3
37 83 17
10 83 11
88 56 3
79 60 17
18 3 5
51 64 6
94 57 1
5 54 10
44 60 8
20 89 16
22 66 8
6 96 3
16 97 17
28 25 10
95 60 2
23 77 8
6 10 9
32 35 4
72 25 18
30 7 5
11 49 13
87 74 13
5 69 8
68 29 2
49 11 18
24 22 17
5 36 13
88 86 1
76 65 19
35 65 1
84 72 6
90 51 2
1 56 3
20 30 10
69 54 17
79 67 10
7 80 19
69 41 12
48 94 8
5 90 15
18 31 5
1 95 2
84 25 8
33 55 8
57 69 6
39 71 14
57 75 6
38 96 16
73 49 15
63 64 18
19 20 4
36 95 12
9 82 15
78 93 2
95 51 6
52 36 7
92 79 12
82 1 13
25 78 17
24 9 13
77 12 16
89 87 8
47 30 2
93 6 15
56 84 17
84 91 14
77 96 3
57 1 19
83 49 8
95 30 2
57 70 5
44 86 6
78 69 2
80 40 19
47 17 15
56 77 17
53 47 19
15 97 8
29 95 19
12 75 1
80 68 1
51 55 2
44 28 16
56 63 16
2 21 16
79 36 17
89 66 3
6 26 10
33 20 12
59 22 9
24 89 18
30 1 16
28 35 19
16 35 16
95 20 4
67 26 16
26 54 18
28 45 11
73 36 7
82 44 19
48 20 19
96 17 13
96 66 14
99 1 8
92 59 13
5 71 14
39 21 14
77 72 17
69 58 14
79 76 10
64 43 15
85 46 17
15 56 19
58 9 19
85 18 10
77 57 19
79 16 12
93 61 5
98 42 13
83 65 11
97 0 15
86 17 6
10 60 19
43 25 11
12 76 9
86 95 1
55 80 7
32 7 14
13 52 3
46 62 1
12 43 1
53 51 9
86 83 2
88 73 15
77 11 10
87 66 1
87 21 5
51 60 17
91 34 11
73 45 4
51 10 1
84 41 9
62 19 15
40 79 9
27 99 5
10 99 17
19 4 16
43 91 19
23 54 9
42 46 1
9 57 13
78 11 12
54 88 16
14 56 7
81 44 9
78 81 12
35 87 6
49 28 3
15 37 3
80 23 3
66 13 9
48 86 11
39 76 1
82 85 1
76 77 11
61 75 10
11 43 14
7 5 17
22 71 5
87 10 15
59 81 2
63 95 16
42 54 10
50 23 18
32 9 7
79 40 3
62 32 7
35 47 13
15 68 5
19 60 11
1 11 3
56 15 5
84 21 6
46 8 13
21 66 13
87 35 18
23 28 1
51 38 12
78 35 13
10 94 17
49 20 18
71 19 9
75 21 10
85 61 16
33 73 8
68 71 19
3 4 7
76 55 10
51 18 8
97 92 3
5 31 17
67 2 14
45 56 17
88 75 12
79 51 15
88 9 10
11 64 7
4 84 2
37 94 3
49 75 7
44 24 13
29 99 16
94 88 17
89 40 18
24 21 1
6 54 8
68 45 19
82 26 13
24 92 1
97 7 17
59 93 5
0 38 11
51 94 4
87 54 14
26 30 14
9 94 8
87 90 12
66 82 8
53 90 17
73 23 12
97 73 19
34 1 15
70 45 10
80 31 3
49 0 8
81 89 7
14 95 12
74 51 4
65 87 15
28 98 15
99 96 4
64 33 11
91 85 13
52 56 2
31 2 9
10 3 8
27 85 8
90 76 12
90 48 5
85 38 1
37 60 15
20 74 17
86 96 15
22 1 6
87 19 10
72 24 16
55 5 19
58 60 16
31 62 16
85 47 1
94 71 15
80 76 2
29 4 8
6 95 15
69 99 3
28 4 9
88 43 5
35 63 5
96 71 15
68 23 4
44 38 5
18 7 17
69 85 6
84 81 6
78 66 3
29 50 3
35 95 16
9 44 13
93 18 3
56 23 9
66 48 9
55 50 15
17 64 6
91 24 6
61 38 7
82 23 11
9 89 13
56 94 14
55 15 19
34 56 19
56 27 15
98 18 12
81 14 4
5 93 2
14 40 14
31 40 16
20 55 5
50 15 1
69 76 9
65 32 8
38 20 11
67 91 9
27 71 15
0 99 14
24 49 8
8 27 19
79 11 11
88 58 18
46 16 19
93 57 1
22 29 17
14 8 17
1 14 1
32 36 17
16 53 11
98 14 3
30 40 19
59 89 1
8 17 10
29 45 2
15 74 8
79 69 15
63 39 7
1 60 13
33 70 12
52 78 15
49 78 13
16 83 11
38 91 16
43 78 6
41 84 3
51 13 13
42 29 19
64 69 17
96 93 17
80 86 19
65 85 17
84 3 17
4 99 8
24 73 13
99 58 14
51 96 11
4 3 5
61 10 13
76 31 2
61 30 6
7 11 1
62 58 1
85 64 3
29 51 13
70 56 4
66 75 10
78 86 12
7 21 12
79 85 7
47 45 19
53 21 16
26 81 15
61 28 19
63 61 4
34 40 19
7 49 18
24 28 10
87 30 13
23 93 16
99 82 18
10 9 12
93 87 16
1 78 1
76 28 9
16 1 19
85 98 9
57 98 12
75 27 6
74 36 17
39 78 18
47 31 3
30 39 14
8 35 15
21 54 6
70 8 9
36 45 19
31 23 11
88 30 18
85 57 9
71 22 11
16 99 4
1 96 7
11 60 12
31 25 12
75 1 12
87 93 7
39 74 2
44 35 19
26 53 5
73 43 5
81 78 10
74 73 14
61 11 17
12 37 1
73 61 16
40 83 6
16 55 16
72 28 6
9 19 19
60 31 9
43 60 12
51 56 3
56 0 1
57 45 5
8 96 18
66 60 13
70 4 9
74 28 14
41 26 6
74 12 5
49 9 6
88 8 18
16 94 11
17 46 11
34 87 3
89 16 7
60 5 6
79 95 5
97 39 13
15 11 12
28 68 18
94 6 17
13 55 15
59 32 14
8 29 1
87 94 16
19 26 7
96 25 4
71 15 11
93 9 19
83 21 1
87 9 18
0 40 7
4 14 9
65 88 11
70 37 15
12 81 3
94 83 12
33 51 1
79 31 8
98 6 10
47 50 6
26 9 2
11 99 5
31 1 13
49 82 8
70 73 4
75 61 6
2 49 19
84 6 16
71 89 4
4 21 11
32 53 2
66 9 1
40 1 7
81 12 14
76 95 10
0 61 7
52 11 11
66 76 18
20 90 16
10 20 1
2 40 6
5 87 19
37 52 13
56 83 7
18 25 19
67 52 16
42 19 18
97 90 4
41 54 2
82 91 19
82 47 16
61 74 4
15 93 8
75 66 9
31 53 18
57 83 18
6 9 1
53 15 1
3 75 14
65 94 15
78 48 9
48 78 15
84 8 4
92 53 12
57 36 10
48 6 3
96 79 3
18 35 4
68 47 17
78 75 19
89 52 3
2 41 5
40 49 15
73 64 8
37 79 19
12 14 14
40 7 2
15 45 7
31 60 17
33 69 19
47 25 4
88 78 16
43 12 9
95 70 18
83 24 7
32 20 4
90 84 13
85 39 14
43 23 5
34 93 2
44 9 10
20 41 12
36 65 15
71 94 17
98 78 16
87 92 17
52 13 16
49 46 14
20 88 4
81 42 19
78 94 16
56 72 2
62 17 19
80 70 14
21 44 10
91 78 2
47 70 5
51 47 19
95 11 6
42 99 13
70 64 2
92 41 1
43 74 10
63 82 2
17 34 3
45 69 5
40 35 8
28 13 12
94 64 3
99 36 8
95 36 19
66 6 10
91 10 16
34 78 6
29 14 11
77 25 19
75 67 3
25 1 14
90 62 11
60 53 3
30 58 14
54 26 2
1 5 13
66 73 2
96 44 18
1 40 16
26 21 1
71 26 14
38 93 8
8 70 13
11 93 8
77 63 13
33 39 10
45 99 6
11 81 11
70 47 8
53 71 17
9 64 5
43 89 11
49 36 5
11 9 5
28 96 8
52 12 19
67 0 15
41 18 11
31 49 10
46 73 19
1 32 18
94 25 18
74 45 10
20 31 8
97 42 8
17 75 13
24 94 8
92 6 10
25 52 16
91 28 17
53 83 17
7 12 8
11 27 7
83 92 14
84 57 12
23 2 5
90 7 12
83 73 4
27 36 11
80 87 1
1 87 14
27 42 18
20 84 17
71 24 5
81 70 18
26 67 10
57 44 12
39 77 3
86 30 11
77 84 8
64 47 10
54 72 8
15 0 19
72 54 13
57 29 15
19 87 14
2 14 18
83 89 16
57 61 4
15 28 5
64 15 12
90 47 18
29 18 15
63 56 6
16 89 14
28 40 14
75 23 9
34 72 11
15 38 17
73 19 5
14 54 1
67 28 2
71 52 11
45 68 13
76 44 12
56 7 14
38 75 11
73 18 2
57 22 13
8 53 8
31 63 9
48 44 17
45 42 10
95 83 12
54 27 6
65 68 14
42 10 18
7 8 12
90 65 17
18 56 15
27 18 19
50 77 12
12 4 12
31 10 4
67 90 6
95 80 11
79 48 7
92 49 14
55 33 16
59 14 5
59 62 17
11 86 9
92 13 17
24 85 10
47 22 3
14 71 14
42 86 7
11 78 7
93 33 18
74 82 17
15 60 15
90 80 5
33 71 3
88 63 2
98 61 7
3 61 3
23 81 19
13 54 8
83 82 1
66 63 5
33 38 16
71 60 11
13 1 5
8 38 9
19 98 11
76 54 13
3 54 14
6 73 17
96 33 17
11 13 15
98 83 4
49 66 3
10 8 1
47 52 10
19 41 14
50 99 17
21 63 10
51 21 7
2 68 8
10 73 3
4 17 9
88 98 8
59 7 8
7 2 10
88 23 6
43 49 19
92 97 17
25 21 4
31 96 12
42 36 2
73 28 12
24 20 10
4 81 17
42 47 11
20 87 15
81 51 12
75 18 19
73 62 11
25 87 2
51 32 14
96 83 19
59 56 18
25 88 11
95 39 7
23 48 7
0 58 8
93 46 1
36 96 9
17 24 8
35 71 14
94 37 11
28 83 3
46 83 17
19 97 18
13 17 14
91 52 5
8 92 14
11 92 15
0 65 7
21 71 10
93 38 2
27 79 17
72 34 8
65 54 15
60 91 6
36 44 17
70 78 16
77 60 9
66 38 9
41 82 8
33 1 1
19 36 11
40 39 15
31 20 5
89 8 12
42 12 16
16 48 17
76 33 17
24 46 8
40 24 2
18 26 9
31 39 16
32 26 1
52 81 6
92 45 14
9 88 11
91 71 16
15 57 18
89 15 15
45 94 19
7 82 9
84 70 1
87 25 11
69 2 17
3 84 18
16 38 5
3 59 7
21 88 17
69 4 8
20 5 8
22 33 1
29 20 4
49 91 17
91 40 7
69 18 17
95 65 10
94 51 9
98 89 15
61 2 6
95 66 16
33 95 13
23 18 19
52 57 17
51 2 11
57 76 6
20 99 10
53 85 2
73 11 1
12 62 13
49 81 19
62 14 7
14 53 4
97 59 13
30 4 12
35 56 9
25 9 8
40 5 8
1 98 11
79 3 6
66 12 13
35 38 7
77 82 8
63 40 9
96 41 17
69 42 18
61 82 19
80 65 19
15 54 1
51 93 2
1 53 17
53 70 18
18 95 3
2 88 16
10 58 3
7 46 4
23 79 16
99 7 17
62 95 6
54 40 15
54 30 11
69 44 9
89 31 8
84 47 6
56 50 9
24 39 1
3 1 15
28 36 16
10 85 9
14 61 13
36 80 16
31 47 16
75 93 10
69 15 16
96 59 19
31 85 17
46 11 15
50 59 9
14 99 2
2 36 15
25 37 14
25 91 13
86 68 2
14 60 10
52 99 4
72 65 4
11 24 17
35 86 15
21 32 17
68 99 8
71 48 1
32 73 12
11 95 7
53 11 5
22 20 16
64 30 1
41 7 8
40 21 13
53 32 13
97 13 14
35 20 4
25 86 15
22 4 3
76 59 12
39 89 15
24 26 6
37 6 13
5 7 5
38 44 13
53 22 10
54 21 18
26 72 14
53 82 14
76 18 15
45 9 14
20 16 11
88 68 1
1 75 11
77 75 11
36 76 19
58 70 18
84 19 9
56 57 7
65 41 15
31 59 4
24 53 17
12 30 9
13 84 9
91 39 11
23 22 11
35 93 1
13 6 14
55 62 14
39 94 8
62 41 10
41 98 16
27 54 11
91 89 12
5 12 16
13 44 4
3 64 19
40 88 5
45 60 7
42 4 9
85 54 11
61 24 5
30 44 17
61 93 11
78 96 3
90 36 17
93 80 6
14 5 16
76 68 8
58 66 12
54 18 11
39 46 2
40 37 1
48 75 8
61 17 17
21 80 5
25 69 19
51 30 2
90 71 4
52 74 9
92 21 7
81 1 18
90 66 6
24 43 15
84 13 12
47 86 1
74 5 17
88 5 7
14 38 10
80 85 5
34 37 5
94 15 18
92 72 13
60 58 19
75 98 2
88 92 11
88 33 3
65 99 4
71 58 10
18 49 3
78 90 15
52 85 19
38 61 4
46 44 9
9 43 4
91 35 8
37 81 6
7 98 13
41 22 18
97 34 5
65 49 6
98 72 15
71 84 18
15 53 12
16 96 14
59 46 13
31 11 13
45 74 12
70 95 18
51 22 15
20 22 4
85 6 11
15 66 10
17 49 12
5 91 19
75 8 16
52 98 19
48 0 10
74 14 15
26 15 10
1 15 17
23 50 8
59 71 6
7 6 14
79 24 9
95 91 10
37 30 5
1 39 9
43 62 8
59 63 5
72 1 11
53 33 4
94 36 15
11 7 7
17 21 19
86 35 19
66 94 1
73 10 7
94 13 9
97 30 18
41 3 9
81 82 12
2 77 6
43 9 6
95 37 1
4 71 7
15 96 1
74 93 9
33 12 2
44 57 16
13 94 14
53 86 16
59 97 1
79 73 7
47 46 13
53 6 19
43 33 14
80 45 6
71 43 18
15 21 13
32 49 16
38 47 4
91 90 11
77 59 13
26 40 6
99 46 17
0 4 3
74 22 14
92 17 19
99 29 1
47 23 2
82 33 6
47 38 2
88 74 9
22 10 10
73 63 8
88 93 16
48 69 7
31 99 8
90 54 2
21 65 4
7 50 4
67 78 13
99 4 6
94 78 3
33 25 14
94 50 3
17 35 5
98 15 3
68 2 17
63 86 6
39 22 15
52 53 12
99 60 4
64 96 8
35 54 11
8 2 18
78 71 6
0 69 12
58 81 16
6 35 12
51 67 3
13 99 1
44 50 15
60 71 5
34 76 4
67 85 1
41 58 18
75 55 6
67 56 2
64 32 15
63 76 11
73 89 16
63 81 1
33 50 17
22 94 7
52 79 17
78 46 1
78 55 6
62 73 10
12 89 5
59 20 8
4 80 4
86 22 1
49 29 17
54 36 14
93 62 10
18 13 6
95 17 19
35 59 7
36 25 9
39 27 15
0 73 19
67 20 16
24 65 8
11 26 10
66 25 4
95 7 8
17 97 5
47 94 12
92 44 12
51 79 9
31 69 11
41 72 1
65 46 10
8 91 16
91 96 6
12 82 14
83 59 17
38 70 2
47 35 1
77 54 3
75 39 2
3 85 15
54 61 15
8 97 14
48 91 15
42 14 15
90 91 18
39 96 10
56 45 13
16 60 15
27 7 6
55 17 8
3 12 5
55 82 7
83 6 9
10 14 18
81 79 8
69 33 5
48 31 13
47 34 17
39 81 8
30 35 3
83 76 7
78 52 18
43 39 18
48 14 16
85 22 1
83 68 9
51 11 13
72 39 6
21 79 15
88 13 2
66 58 11
94 70 10
23 13 3
98 50 18
15 69 6
32 72 18
99 43 8
54 91 13
44 41 13
88 28 18
93 97 6
3 60 15
55 58 5
72 87 17
92 71 4
63 85 13
48 51 5
45 87 6
40 77 6
65 10 6
93 73 12
66 20 11
68 89 18
44 72 2
8 90 2
84 1 11
87 40 19
11 73 8
49 8 4
95 33 19
40 43 3
97 76 19
65 51 14
39 68 15
94 0 5
23 36 4
