50
0 1 4
1 2 16
2 5 14
5 6 18
6 7 19
7 8 3
8 9 15
9 10 9
10 11 14
11 13 13
13 14 9
14 15 19
15 17 4
17 18 9
18 21 13
21 22 14
22 24 17
24 25 3
25 26 16
26 27 6
27 28 1
28 29 1
29 30 12
30 31 16
31 32 15
32 37 17
37 38 18
38 39 15
39 40 18
40 41 13
41 44 11
44 45 10
45 46 1
46 49 17
0 1 4
1 2 16
2 5 14
5 6 18
6 7 19
7 8 3
8 9 15
9 10 9
10 11 14
11 13 13
13 14 9
14 15 19
15 17 4
17 18 9
18 21 13
21 22 14
22 24 17
24 25 3
25 26 16
26 27 6
27 28 1
28 29 1
29 30 12
30 31 16
31 32 15
32 37 17
37 38 18
38 39 15
39 40 18
40 41 13
41 44 11
44 45 10
45 46 1
46 49 17
11 14 3
41 19 4
22 48 16
3 0 19
9 32 19
19 36 14
11 43 1
24 13 2
47 7 19
17 27 19
18 36 1
5 18 10
11 26 18
22 34 2
16 28 2
35 24 3
2 30 13
26 15 8
3 40 10
10 24 14
38 5 8
12 27 1
9 1 17
14 23 14
26 11 4
29 8 4
19 48 17
39 0 4
2 3 6
47 39 11
17 35 19
32 30 2
12 46 5
33 5 12
24 9 2
49 26 9
39 18 13
10 47 19
39 32 2
16 47 8
30 49 15
28 3 3
25 27 10
36 39 4
43 8 7
18 49 15
27 0 13
16 37 15
37 5 3
38 0 18
9 24 14
10 42 9
10 29 3
20 3 14
32 35 16
19 37 19
48 31 11
46 42 12
21 6 10
29 42 14
26 29 10
36 38 3
34 20 5
45 30 3
16 23 9
12 5 13
16 33 8
9 17 18
26 46 2
45 39 8
6 12 1
26 31 2
47 19 9
39 36 19
35 44 14
18 4 5
27 35 1
19 25 14
47 41 2
38 28 19
10 44 6
20 12 5
27 41 15
30 46 11
19 17 1
3 7 7
30 22 5
30 20 11
47 21 13
9 29 5
21 35 19
20 43 12
3 38 1
4 34 6
1 26 10
48 27 9
16 29 18
7 41 17
30 4 6
25 36 4
40 35 5
28 43 14
33 40 1
30 37 7
21 4 17
38 16 6
44 7 10
27 43 6
42 31 16
6 43 11
32 38 6
26 3 18
1 47 12
49 15 13
2 45 15
46 19 13
7 34 19
22 18 4
18 38 14
46 1 1
20 34 15
44 15 4
35 33 13
28 49 16
18 30 17
0 19 16
8 34 19
27 23 10
36 2 13
33 21 2
2 41 18
13 38 13
46 31 3
6 30 17
3 15 7
44 31 3
44 19 3
5 42 17
21 14 7
9 45 7
1 13 4
15 9 4
37 7 3
23 2 4
22 19 18
23 39 14
2 10 17
48 40 10
24 17 5
11 44 12
27 32 14
37 44 1
49 40 17
45 2 2
43 14 13
3 47 7
23 17 6
2 13 17
31 29 3
46 28 16
33 37 19
22 7 3
44 21 4
4 48 1
6 26 13
20 19 4
5 40 12
40 22 7
20 27 6
8 31 17
11 48 8
15 14 16
43 16 3
12 22 14
40 18 2
42 24 8
14 4 9
45 23 12
12 21 13
6 3 16
38 19 17
46 48 5
12 26 17
12 34 17
25 8 14
24 11 7
46 32 2
28 2 6
32 44 13
12 39 15
46 34 7
11 28 1
39 20 1
46 18 13
35 15 5
4 22 15
8 27 7
5 22 8
22 30 2
27 10 19
42 35 8
11 35 2
30 12 10
22 15 5
44 8 12
46 33 12
19 3 7
43 48 8
31 39 17
22 3 5
46 45 11
7 5 6
31 7 14
8 5 11
47 23 4
41 30 11
5 26 5
46 11 11
6 25 3
22 12 6
29 16 14
39 17 2
14 16 10
19 31 16
23 45 14
36 49 11
31 49 7
3 2 6
12 43 19
23 48 17
17 26 17
13 43 14
39 31 7
24 15 3
20 32 7
13 33 10
22 31 4
31 46 5
39 24 2
49 43 3
15 34 7
4 46 5
22 10 6
47 1 15
9 26 13
14 5 4
33 0 11
45 44 14
21 26 2
14 20 18
0 28 6
21 5 3
21 39 5
5 13 9
34 24 16
24 35 4
47 37 7
29 11 1
38 22 1
12 48 10
20 45 14
46 39 15
3 10 2
42 2 18
12 17 18
40 10 14
38 42 2
5 33 1
45 16 19
40 20 4
8 25 9
5 0 7
7 47 2
11 9 6
48 23 18
47 16 8
41 16 15
25 34 7
16 18 13
3 14 7
19 45 4
11 1 15
1 9 15
20 39 17
11 46 11
5 29 16
11 15 2
17 9 18
29 44 11
30 19 19
43 15 11
46 21 7
48 36 8
43 26 1
28 9 16
36 1 5
44 49 9
40 5 19
12 28 7
16 46 8
33 44 7
3 18 9
39 13 3
8 21 15
21 30 11
36 9 15
2 28 2
23 40 17
13 45 17
39 30 12
45 20 8
16 11 9
40 26 17
44 30 15
12 35 8
34 43 5
11 37 5
15 1 11
23 35 10
28 11 16
11 45 2
28 48 19
3 29 19
9 42 16
49 39 18
34 26 8
27 9 14
23 14 6
0 36 12
31 23 18
12 36 8
26 12 1
43 6 9
26 5 16
39 28 18
19 26 15
15 37 19
18 42 16
41 28 7
18 19 17
33 8 2
37 45 6
34 18 7
35 43 10
38 14 1
25 38 17
43 11 12
28 44 16
29 7 10
6 19 12
22 26 8
0 43 1
27 38 18
2 48 11
17 11 13
21 38 14
13 0 15
13 24 4
32 39 5
18 10 11
37 18 1
2 32 15
21 36 11
45 31 13
19 29 11
11 18 6
9 47 15
19 44 6
3 16 14
37 40 15
13 7 3
8 16 3
30 9 16
29 28 2
18 7 8
8 28 7
7 38 12
42 44 9
16 0 5
31 14 1
49 34 8
8 47 16
21 12 3
24 28 10
19 11 19
4 44 18
23 5 12
14 18 12
41 38 18
7 48 12
48 7 16
15 48 19
18 46 17
7 21 12
45 4 19
48 16 16
4 16 15
39 8 17
48 10 8
34 45 10
17 12 2
35 7 8
15 22 5
45 26 11
15 4 5
30 33 8
4 31 1
2 0 4
2 43 4
21 0 11
48 37 17
29 46 9
0 40 6
42 32 14
40 8 8
32 11 9
12 7 14
13 11 17
6 18 18
34 1 3
47 25 12
15 44 13
17 24 12
35 38 2
35 25 12
41 3 15
48 3 3
25 16 10
25 9 6
18 11 1
18 37 4
38 20 18
31 2 3
6 41 8
37 30 4
1 36 3
26 17 6
30 41 8
27 39 18
4 5 9
29 9 15
49 33 4
29 17 17
25 11 3
9 13 15
18 33 17
28 47 13
38 36 15
40 32 8
1 23 4
22 33 6
15 49 11
29 19 14
12 9 14
26 25 3
46 12 11
9 14 18
22 4 12
10 31 12
15 42 15
32 33 1
10 39 19
40 4 4
27 33 17
24 48 17
29 23 3
45 27 17
49 17 6
23 21 9
30 24 17
31 41 16
29 21 2
42 37 16
33 35 13
10 46 4
26 16 5
4 43 6
27 40 8
4 10 7
36 44 8
7 19 8
9 39 13
26 23 16
32 14 6
47 11 4
6 15 15
49 6 9
5 24 16
22 35 3
5 28 19
25 40 18
32 7 6
17 25 7
1 22 12
16 34 11
9 6 3
36 17 4
36 33 5
30 40 18
28 4 2
8 46 7
35 10 2
2 27 15
12 13 13
8 41 14
48 21 18
11 40 15
44 17 5
37 29 17
15 8 4
38 12 1
48 29 8
49 1 1
1 29 15
35 16 17
11 27 10
29 31 1
40 0 3
10 6 11
12 47 12
5 20 7
22 21 12
30 25 5
43 33 19
15 32 10
24 45 14
31 37 8
14 47 4
19 41 7
3 41 1
36 32 9
48 6 6
24 4 9
18 2 4
47 45 15
1 45 4
32 4 14
2 39 8
28 40 7
38 33 15
6 48 2
23 31 5
18 41 10
44 22 4
37 35 12
37 32 17
25 6 5
42 29 13
20 11 3
7 12 3
43 41 14
0 17 11
22 16 7
4 9 18
16 17 18
30 3 1
28 1 7
44 40 13
49 44 15
46 35 19
28 13 4
21 41 7
49 27 4
33 49 8
43 2 8
49 32 9
9 48 12
42 45 9
2 40 18
38 43 2
21 23 19
43 25 17
1 35 14
16 6 4
15 39 4
32 34 13
9 35 4
29 45 14
12 42 13
29 3 6
32 29 13
2 7 18
45 7 3
42 6 18
24 3 9
30 26 2
48 18 17
26 43 11
14 22 12
14 28 6
41 45 10
4 49 13
38 15 7
12 2 1
1 10 3
9 36 8
16 7 10
20 22 15
46 30 19
47 12 17
42 39 8
34 15 17
29 32 11
34 36 6
32 36 1
21 27 13
19 23 6
22 1 3
28 21 8
7 9 11
45 19 16
45 11 7
12 23 5
38 45 9
23 44 15
32 17 7
32 2 8
21 11 9
41 22 5
4 8 5
32 24 18
18 15 1
35 40 10
49 19 1
2 34 6
9 30 11
40 38 8
48 22 1
24 2 7
31 15 7
38 30 5
41 42 17
18 24 2
1 38 19
43 4 19
14 48 7
14 10 18
46 4 19
23 3 18
31 13 14
11 29 15
20 33 4
28 42 2
25 33 5
21 46 8
48 34 10
30 38 14
22 11 9
4 18 10
32 13 12
24 21 1
7 49 2
48 28 17
13 41 17
22 36 19
28 38 12
36 21 18
6 8 1
40 12 13
14 39 6
29 38 15
27 13 9
0 27 16
36 15 11
24 20 10
44 28 19
12 38 1
11 36 5
29 10 7
11 3 14
39 48 12
40 28 9
40 46 8
37 31 14
30 5 8
31 19 9
9 21 7
0 44 14
23 8 14
2 35 3
6 35 14
19 46 19
4 21 12
16 8 14
33 7 18
22 14 9
20 18 12
25 1 19
48 19 2
33 12 12
3 11 1
48 8 2
43 38 9
38 23 18
49 23 11
38 24 17
14 12 2
28 45 2
10 43 17
17 44 4
3 19 1
2 47 14
48 30 4
1 37 12
42 9 2
36 41 8
1 31 9
4 19 3
37 21 7
3 27 13
42 0 8
36 18 3
6 14 11
8 19 7
0 10 8
37 0 3
36 23 9
27 30 1
47 13 5
4 37 14
20 13 3
3 22 18
39 49 8
42 22 17
49 20 9
16 31 17
39 25 14
18 0 13
15 20 18
28 37 8
49 24 14
30 34 9
15 31 12
32 12 12
43 46 2
8 39 10
11 39 7
11 25 14
17 7 16
15 46 14
35 8 7
17 13 11
4 0 17
15 41 1
4 13 18
35 47 1
34 22 13
36 13 14
27 16 13
31 11 4
38 2 6
48 13 18
13 27 17
32 47 9
24 19 13
15 23 10
31 21 17
35 37 13
17 40 2
17 29 9
15 16 12
25 14 19
17 0 4
40 13 11
31 34 11
6 42 14
8 20 3
48 1 9
17 28 8
14 0 5
9 31 17
26 19 8
29 24 4
19 5 16
47 44 2
17 15 10
13 48 3
42 47 3
38 7 19
29 33 2
1 49 2
40 31 19
26 49 12
17 4 9
44 10 6
15 40 18
38 34 3
13 19 9
5 9 2
20 1 3
39 37 19
30 11 11
8 43 13
21 20 1
14 13 16
34 2 7
41 20 4
9 11 3
3 26 11
43 17 19
42 38 18
47 9 14
36 34 8
36 4 4
44 1 9
1 6 13
29 12 9
14 49 2
24 32 5
38 27 17
8 15 7
8 45 2
30 17 19
5 36 12
46 2 4
17 45 11
11 6 8
13 46 17
0 38 18
41 46 15
45 47 5
6 39 17
40 23 1
39 9 8
43 49 3
31 9 16
40 6 19
40 33 11
36 3 18
3 49 15
14 24 3
11 38 14
3 33 10
21 44 4
8 4 8
2 33 11
19 49 19
48 26 18
9 0 7
12 8 12
8 10 15
35 5 16
27 5 10
36 25 5
30 15 15
7 35 3
41 33 2
24 31 15
0 45 8
39 6 6
28 25 12
10 14 9
2 25 1
22 5 16
0 2 18
17 36 8
32 45 10
30 48 11
21 40 9
8 35 11
38 8 4
28 15 9
13 6 18
37 3 7
25 18 4
44 27 15
27 11 18
0 48 11
26 24 5
37 34 10
4 11 18
13 1 14
19 42 15
23 47 7
22 28 18
17 41 12
11 41 5
27 24 8
2 11 15
9 46 3
15 12 2
15 19 16
0 16 12
42 26 14
23 27 2
1 4 4
34 6 13
23 38 17
45 42 17
1 11 10
23 15 8
44 38 11
41 32 6
26 30 6
19 13 12
25 37 15
2 1 13
9 25 19
31 12 9
35 1 16
45 32 15
44 5 8
45 24 4
45 35 11
37 49 14
24 1 4
38 3 14
33 24 18
10 2 15
49 9 14
2 38 11
16 38 16
27 20 6
7 16 1
24 36 10
11 8 10
8 0 5
29 20 14
25 41 10
33 16 13
19 15 19
27 46 13
7 18 7
49 2 7
48 24 6
39 14 17
23 7 19
37 36 8
21 15 1
42 4 12
0 31 17
3 35 6
24 6 19
0 42 11
6 2 19
20 5 14
4 15 6
16 10 2
49 3 13
34 29 5
15 2 16
3 36 4
35 12 7
0 37 4
23 12 4
13 36 9
33 38 1
33 11 10
44 37 6
10 1 3
15 11 9
10 34 1
44 2 2
39 45 3
33 42 13
20 4 15
18 3 12
16 27 4
40 17 17
28 46 3
49 5 17
4 32 18
34 32 18
1 18 2
33 23 16
9 28 14
23 4 11
45 41 17
30 1 2
16 20 12
28 7 17
25 29 16
40 29 10
5 32 1
35 4 9
35 31 1
35 18 2
8 13 9
17 19 6
16 2 19
3 1 15
24 27 17
23 43 14
15 36 16
35 9 9
31 1 15
27 7 19
28 22 3
17 2 6
5 38 4
41 18 19
18 1 5
5 4 4
49 46 8
18 25 9
26 22 6
37 19 8
27 48 16
19 33 13
16 3 3
9 8 6
17 38 5
42 12 19
24 46 15
25 44 2
6 5 1
9 12 3
6 17 2
19 12 6
38 18 6
35 13 18
23 9 5
46 36 6
49 31 4
20 26 15
36 7 14
48 35 1
49 42 11
31 44 3
18 31 3
34 0 5
43 27 6
16 43 10
5 19 12
12 20 9
22 6 3
44 13 1
20 36 5
41 35 3
14 44 10
48 45 7
16 42 15
17 16 9
3 37 4
6 38 12
23 1 6
45 1 13
32 19 9
3 17 3
45 0 9
10 16 8
45 28 18
15 0 12
40 36 19
30 6 15
35 23 10
40 49 17
7 10 7
45 43 2
47 33 18
20 14 18
24 5 13
0 35 4
10 30 5
18 44 19
9 3 13
10 19 17
15 33 12
20 46 8
23 22 15
31 35 3
29 49 8
44 6 18
22 44 2
24 49 6
26 33 19
9 27 19
2 31 6
45 14 5
45 33 3
19 7 11
29 47 12
28 16 1
14 42 19
26 39 11
46 25 10
32 43 4
14 2 6
16 32 2
39 3 2
36 26 4
38 10 2
22 25 5
24 33 5
39 35 1
34 37 4
24 43 7
18 20 2
26 20 19
41 36 17
32 16 10
26 37 18
17 43 1
15 25 19
35 29 15
47 26 16
24 7 16
20 17 5
40 7 10
8 29 7
27 25 2
8 22 10
43 1 15
1 8 6
42 13 5
38 32 7
12 10 18
22 9 5
32 5 16
36 22 9
45 9 10
25 45 1
3 46 17
34 23 13
46 6 3
13 5 1
39 21 10
15 5 11
14 34 1
3 48 12
49 8 1
6 45 10
49 47 12
29 4 11
19 30 4
29 43 19
39 16 15
21 19 1
29 2 3
20 44 19
4 25 8
19 28 14
47 27 15
29 35 15
30 44 18
46 38 12
37 8 3
22 40 18
17 23 1
1 0 10
13 35 3
12 29 15
28 6 6
11 0 1
3 12 6
48 20 3
31 18 2
25 10 12
31 5 9
26 40 5
0 4 16
47 20 10
10 40 19
11 19 13
14 9 10
34 47 11
6 23 18
35 48 19
5 30 13
6 37 13
26 10 11
34 33 7
46 3 15
49 13 13
32 40 17
14 17 18
25 5 15
25 3 9
8 11 15
26 38 11
2 20 12
37 17 11
28 41 9
0 26 14
18 22 11
25 12 19
14 38 17
36 35 9
6 31 12
29 14 9
0 8 12
0 9 9
11 4 15
2 21 7
21 25 5
39 42 7
5 21 11
31 16 18
40 42 3
38 46 10
39 7 6
13 49 3
17 8 7
30 45 12
2 19 1
16 13 11
8 44 2
28 31 10
30 0 6
15 13 15
18 34 13
12 44 3
37 39 3
43 18 14
12 40 16
33 14 19
42 18 2
33 45 14
14 8 18
5 15 18
8 32 9
14 41 8
46 5 5
7 42 1
0 18 3
17 32 10
41 48 19
6 16 3
1 30 4
18 13 4
23 24 17
18 32 5
20 2 7
36 30 3
21 31 17
8 37 14
8 42 8
31 24 18
17 47 17
9 41 10
48 43 17
36 46 3
22 42 3
7 30 17
47 17 11
34 13 3
27 15 18
22 43 6
2 37 1
49 29 12
25 31 2
30 29 3
47 24 13
16 24 9
18 47 4
38 37 3
48 5 16
10 35 12
7 0 5
41 9 5
8 17 17
7 31 17
9 4 2
7 23 6
47 34 6
44 20 6
44 4 12
1 15 18
12 19 11
8 18 15
40 44 14
25 13 15
39 38 10
7 26 14
34 39 16
7 46 16
11 21 14
20 47 13
44 35 14
47 43 18
25 43 1
24 8 2
14 25 9
13 25 7
41 1 6
18 28 11
3 13 1
23 18 9
18 48 8
4 35 13
44 42 9
30 36 3
6 10 2
3 43 3
10 12 8
1 14 11
31 45 6
14 6 15
13 10 8
24 38 7
12 1 16
44 29 8
24 12 12
38 4 4
13 42 19
13 28 10
32 15 6
49 37 1
23 30 7
47 8 5
19 21 3
7 6 9
13 32 16
47 22 15
37 24 14
8 48 19
45 29 15
21 48 2
28 33 5
33 41 11
16 9 17
43 24 5
5 23 10
45 21 7
14 7 5
14 36 18
24 0 5
47 18 3
33 29 9
5 11 13
33 19 19
23 46 12
39 34 7
30 16 17
43 7 18
25 23 5
34 48 9
44 39 10
12 18 18
15 35 15
45 22 12
25 49 10
20 38 6
25 22 13
41 4 6
22 32 2
4 47 1
43 37 7
20 40 6
23 20 16
46 26 2
23 28 8
37 22 1
11 10 1
18 6 9
43 13 15
7 20 7
36 31 1
23 49 19
8 3 10
41 24 18
2 8 11
23 26 8
6 40 13
27 47 11
4 40 19
23 16 10
41 13 17
8 6 3
38 41 7
1 21 9
15 6 7
22 29 14
46 23 15
14 33 17
44 9 9
5 39 18
48 25 1
0 20 18
46 10 7
44 46 11
26 4 16
17 31 18
14 21 13
27 36 17
42 15 7
9 18 16
25 24 8
32 20 13
5 25 15
24 26 8
19 0 13
34 3 13
42 10 10
28 12 16
42 27 6
9 19 9
23 13 9
47 10 10
0 39 11
20 37 6
10 21 9
0 34 11
13 3 6
22 49 12
19 35 7
40 1 4
43 23 10
9 43 16
7 1 14
3 6 15
4 33 14
